     ALT          P          T          FH2O           FCO2           FH2O          PCO2          FSATUR(ND)
8.1966E+01  8.0105E-07 1.7330E+02    1.1023E-05    9.0260E-01    1.1049E-05    0.0000E+00    1.8384E-02    8.0000E-01
8.1012E+01  1.0479E-06 1.7506E+02    1.1023E-05    9.0260E-01    1.1049E-05    2.3345E-07    2.5188E-02    8.0000E-01
8.0062E+01  1.3681E-06 1.7485E+02    1.1023E-05    9.0260E-01    1.1049E-05    5.3621E-07    1.3778E-02    8.0000E-01
7.9122E+01  1.7825E-06 1.7405E+02    1.1023E-05    9.0260E-01    1.1049E-05    9.2804E-07    9.7911E-03    8.0000E-01
7.8193E+01  2.3177E-06 1.7332E+02    1.1023E-05    9.0260E-01    1.1049E-05    1.4341E-06    6.5125E-03    8.0000E-01
7.7277E+01  3.0073E-06 1.7227E+02    1.1023E-05    9.0260E-01    1.1049E-05    2.0862E-06    3.9884E-03    8.0000E-01
7.6374E+01  3.8943E-06 1.7108E+02    1.1023E-05    9.0260E-01    1.1049E-05    2.9250E-06    2.3667E-03    8.0000E-01
7.5484E+01  5.0327E-06 1.7002E+02    1.1023E-05    9.0260E-01    1.1049E-05    4.0013E-06    1.4518E-03    8.0000E-01
7.4606E+01  6.4905E-06 1.6924E+02    1.1023E-05    9.0260E-01    1.1049E-05    5.3799E-06    9.5534E-04    8.0000E-01
7.3739E+01  8.3536E-06 1.6873E+02    1.1023E-05    9.0260E-01    1.1049E-05    7.1416E-06    6.6979E-04    8.0000E-01
7.2881E+01  1.0730E-05 1.6839E+02    1.1023E-05    9.0260E-01    1.1049E-05    9.3883E-06    4.8752E-04    8.0000E-01
7.2032E+01  1.3753E-05 1.6810E+02    1.1023E-05    9.0260E-01    1.1049E-05    1.2247E-05    3.5876E-04    8.0000E-01
7.1192E+01  1.7593E-05 1.6780E+02    1.1023E-05    9.0260E-01    1.1049E-05    1.5879E-05    2.6254E-04    8.0000E-01
7.0361E+01  2.2460E-05 1.6748E+02    1.1023E-05    9.0260E-01    1.1049E-05    2.0480E-05    1.9117E-04    8.0000E-01
6.9538E+01  2.8614E-05 1.6722E+02    1.1023E-05    9.0260E-01    1.1049E-05    2.6299E-05    1.4080E-04    8.0000E-01
6.8723E+01  3.6380E-05 1.6711E+02    1.1023E-05    9.0260E-01    1.1049E-05    3.3643E-05    1.0768E-04    8.0000E-01
6.7915E+01  4.6159E-05 1.6722E+02    1.1023E-05    9.0260E-01    1.1049E-05    4.2890E-05    8.7131E-05    8.0000E-01
6.7113E+01  5.8449E-05 1.6752E+02    1.1023E-05    9.0260E-01    1.1049E-05    5.4511E-05    7.4028E-05    8.0000E-01
6.6317E+01  7.3859E-05 1.6790E+02    1.1023E-05    9.0260E-01    1.1049E-05    6.9082E-05    6.4028E-05    8.0000E-01
6.5526E+01  9.3143E-05 1.6823E+02    1.1023E-05    9.0260E-01    1.1049E-05    8.7317E-05    5.4726E-05    8.0000E-01
6.4741E+01  1.1722E-04 1.6845E+02    1.1023E-05    9.0260E-01    1.1049E-05    1.1009E-04    4.5845E-05    8.0000E-01
6.3963E+01  1.4723E-04 1.6847E+02    1.1023E-05    9.0260E-01    1.1049E-05    1.3846E-04    3.6744E-05    8.0000E-01
6.3192E+01  1.8453E-04 1.6830E+02    1.1023E-05    9.0260E-01    1.1049E-05    1.7373E-04    2.8071E-05    8.0000E-01
6.2429E+01  2.3082E-04 1.6806E+02    1.1023E-05    9.0260E-01    1.1049E-05    2.1750E-04    2.0986E-05    8.0000E-01
6.1674E+01  2.8814E-04 1.6796E+02    1.1023E-05    9.0260E-01    1.1049E-05    2.7170E-04    1.6214E-05    8.0000E-01
6.0926E+01  3.5895E-04 1.6832E+02    1.1049E-05    9.0260E-01    1.1049E-05    3.3866E-04    1.3779E-05    8.0000E-01
6.0182E+01  4.4626E-04 1.6918E+02    1.1152E-05    9.0260E-01    1.1049E-05    4.2121E-04    1.3940E-05    8.0000E-01
5.9440E+01  5.5367E-04 1.7050E+02    1.1903E-05    9.0260E-01    1.1049E-05    5.2278E-04    1.4879E-05    8.0000E-01
5.8700E+01  6.8553E-04 1.7192E+02    1.2918E-05    9.0260E-01    1.1049E-05    6.4747E-04    1.6147E-05    8.0000E-01
5.7960E+01  8.4708E-04 1.7406E+02    1.6219E-05    9.0260E-01    1.1049E-05    8.0022E-04    2.0274E-05    8.0000E-01
5.7217E+01  1.0446E-03 1.7618E+02    2.0114E-05    9.0259E-01    1.1049E-05    9.8695E-04    2.5142E-05    8.0000E-01
5.6473E+01  1.2855E-03 1.7853E+02    2.5853E-05    9.0259E-01    1.1049E-05    1.2147E-03    3.2316E-05    8.0000E-01
5.5726E+01  1.5787E-03 1.8110E+02    3.4254E-05    9.0258E-01    1.1049E-05    1.4920E-03    4.2818E-05    8.0000E-01
5.4976E+01  1.9349E-03 1.8359E+02    4.4210E-05    9.0257E-01    1.1049E-05    1.8288E-03    5.5263E-05    8.0000E-01
5.4222E+01  2.3666E-03 1.8639E+02    5.9724E-05    9.0256E-01    1.1049E-05    2.2370E-03    7.4655E-05    8.0000E-01
5.3467E+01  2.8887E-03 1.8842E+02    6.9776E-05    9.0255E-01    1.1049E-05    2.7307E-03    8.7219E-05    8.0000E-01
5.2709E+01  3.5189E-03 1.9193E+02    1.0385E-04    9.0252E-01    1.1049E-05    3.3265E-03    1.2981E-04    8.0000E-01
5.1945E+01  4.2778E-03 1.9548E+02    1.5257E-04    9.0247E-01    1.1049E-05    4.0441E-03    1.9072E-04    8.0000E-01
5.1164E+01  5.1898E-03 2.0471E+02    5.1756E-04    9.0214E-01    1.1049E-05    4.9061E-03    6.4695E-04    8.0000E-01
5.0357E+01  6.2834E-03 2.1313E+02    1.3962E-03    9.0135E-01    1.1049E-05    5.9392E-03    1.7452E-03    8.0000E-01
4.9529E+01  7.5920E-03 2.2036E+02    2.9688E-03    8.9993E-01    1.1049E-05    7.1739E-03    3.7110E-03    8.0000E-01
4.8683E+01  9.1544E-03 2.2644E+02    5.1979E-03    8.9792E-01    1.1049E-05    8.6453E-03    6.4974E-03    8.0000E-01
4.7825E+01  1.1016E-02 2.3164E+02    7.9327E-03    8.9545E-01    1.1049E-05    1.0394E-02    9.9158E-03    8.0000E-01
4.6956E+01  1.3229E-02 2.3621E+02    1.1027E-02    8.9266E-01    1.1049E-05    1.2467E-02    1.3783E-02    8.0000E-01
4.6080E+01  1.5854E-02 2.4034E+02    1.4371E-02    8.8964E-01    1.1049E-05    1.4918E-02    1.7964E-02    8.0000E-01
4.5198E+01  1.8962E-02 2.4415E+02    1.7890E-02    8.8646E-01    1.1049E-05    1.7809E-02    2.2363E-02    8.0000E-01
4.4311E+01  2.2632E-02 2.4772E+02    2.1532E-02    8.8317E-01    1.1049E-05    2.1294E-02    2.6915E-02    8.0000E-01
4.3420E+01  2.6958E-02 2.5112E+02    2.5260E-02    8.7981E-01    1.1049E-05    2.5386E-02    3.1574E-02    8.0000E-01
4.2526E+01  3.2046E-02 2.5437E+02    2.9046E-02    8.7639E-01    1.1049E-05    3.0181E-02    3.6307E-02    8.0000E-01
4.1630E+01  3.8016E-02 2.5752E+02    3.2870E-02    8.7294E-01    1.1049E-05    3.5784E-02    4.1088E-02    8.0000E-01
4.0732E+01  4.5006E-02 2.6058E+02    3.6718E-02    8.6947E-01    1.1049E-05    4.2320E-02    4.5898E-02    8.0000E-01
3.9833E+01  5.3174E-02 2.6356E+02    4.0578E-02    8.6598E-01    1.1049E-05    4.9926E-02    5.0722E-02    8.0000E-01
3.8932E+01  6.2695E-02 2.6649E+02    4.4439E-02    8.6250E-01    1.1049E-05    5.8757E-02    5.5549E-02    8.0000E-01
3.8032E+01  7.3772E-02 2.6937E+02    4.8295E-02    8.5902E-01    1.1049E-05    6.8989E-02    6.0369E-02    8.0000E-01
3.7131E+01  8.6628E-02 2.7221E+02    5.2140E-02    8.5555E-01    1.1049E-05    8.0817E-02    6.5174E-02    8.0000E-01
3.6230E+01  1.0152E-01 2.7531E+02    5.7059E-02    8.5111E-01    1.1049E-05    9.4453E-02    7.1323E-02    8.0000E-01
3.5328E+01  1.1873E-01 2.7851E+02    6.0522E-02    8.4798E-01    1.1049E-05    1.1053E-01    7.5653E-02    8.0000E-01
3.4426E+01  1.3857E-01 2.8170E+02    6.4951E-02    8.4398E-01    1.1049E-05    1.2900E-01    8.1189E-02    8.0000E-01
3.3524E+01  1.6139E-01 2.8490E+02    6.9138E-02    8.4021E-01    1.1049E-05    1.5014E-01    8.6422E-02    8.0000E-01
3.2621E+01  1.8760E-01 2.8806E+02    7.2345E-02    8.3731E-01    1.1049E-05    1.7432E-01    9.0431E-02    8.0000E-01
3.1720E+01  2.1762E-01 2.9123E+02    7.7035E-02    8.3308E-01    1.1049E-05    2.0190E-01    9.6294E-02    8.0000E-01
3.0819E+01  2.5192E-01 2.9441E+02    8.0889E-02    8.2960E-01    1.1049E-05    2.3327E-01    1.0111E-01    8.0000E-01
2.9919E+01  2.9104E-01 2.9756E+02    8.4419E-02    8.2641E-01    1.1049E-05    2.6890E-01    1.0552E-01    8.0000E-01
2.9020E+01  3.3555E-01 3.0074E+02    8.8823E-02    8.2244E-01    1.1049E-05    3.0926E-01    1.1103E-01    8.0000E-01
2.8123E+01  3.8608E-01 3.0391E+02    9.2287E-02    8.1931E-01    1.1049E-05    3.5489E-01    1.1536E-01    8.0000E-01
2.7228E+01  4.4331E-01 3.0707E+02    9.6144E-02    8.1583E-01    1.1049E-05    4.0636E-01    1.2018E-01    8.0000E-01
2.6336E+01  5.0799E-01 3.1025E+02    1.0021E-01    8.1216E-01    1.1049E-05    4.6576E-01    1.2526E-01    8.0000E-01
2.5445E+01  5.8093E-01 3.1342E+02    1.0327E-01    8.0940E-01    1.1049E-05    5.3247E-01    1.2909E-01    8.0000E-01
2.4558E+01  6.6298E-01 3.1657E+02    1.0727E-01    8.0579E-01    1.1049E-05    6.0723E-01    1.3409E-01    8.0000E-01
2.3674E+01  7.5508E-01 3.1970E+02    1.1067E-01    8.0271E-01    1.1049E-05    6.9080E-01    1.3834E-01    8.0000E-01
2.2794E+01  8.5823E-01 3.2282E+02    1.1339E-01    8.0027E-01    1.1049E-05    7.8407E-01    1.4173E-01    8.0000E-01
2.1918E+01  9.7348E-01 3.2596E+02    1.1719E-01    7.9683E-01    1.1049E-05    8.8791E-01    1.4649E-01    8.0000E-01
2.1046E+01  1.1020E+00 3.2910E+02    1.2010E-01    7.9420E-01    1.1049E-05    1.0032E+00    1.5013E-01    8.0000E-01
2.0179E+01  1.2449E+00 3.3223E+02    1.2316E-01    7.9144E-01    1.1049E-05    1.1310E+00    1.5395E-01    8.0000E-01
1.9317E+01  1.4034E+00 3.3539E+02    1.2661E-01    7.8833E-01    1.1049E-05    1.2723E+00    1.5827E-01    8.0000E-01
1.8460E+01  1.5790E+00 3.3855E+02    1.2925E-01    7.8595E-01    1.1049E-05    1.4282E+00    1.6156E-01    8.0000E-01
1.7609E+01  1.7728E+00 3.4171E+02    1.3267E-01    7.8286E-01    1.1049E-05    1.5998E+00    1.6584E-01    8.0000E-01
1.6763E+01  1.9865E+00 3.4488E+02    1.3585E-01    7.7999E-01    1.1049E-05    1.7882E+00    1.6981E-01    8.0000E-01
1.5923E+01  2.2213E+00 3.4804E+02    1.3831E-01    7.7777E-01    1.1049E-05    1.9945E+00    1.7289E-01    8.0000E-01
1.5090E+01  2.4789E+00 3.5121E+02    1.4186E-01    7.7457E-01    1.1049E-05    2.2260E+00    1.7732E-01    8.0000E-01
1.4264E+01  2.7607E+00 3.5438E+02    1.4472E-01    7.7198E-01    1.1049E-05    2.4783E+00    1.8090E-01    8.0000E-01
1.3445E+01  3.0682E+00 3.5753E+02    1.4739E-01    7.6957E-01    1.1049E-05    2.7528E+00    1.8424E-01    8.0000E-01
1.2633E+01  3.4031E+00 3.6069E+02    1.5060E-01    7.6667E-01    1.1049E-05    3.0506E+00    1.8826E-01    8.0000E-01
1.1829E+01  3.7669E+00 3.6384E+02    1.5313E-01    7.6439E-01    1.1049E-05    3.3731E+00    1.9141E-01    8.0000E-01
1.1033E+01  4.1610E+00 3.6697E+02    1.5599E-01    7.6181E-01    1.1049E-05    3.7213E+00    1.9499E-01    8.0000E-01
1.0245E+01  4.5871E+00 3.7010E+02    1.5885E-01    7.5923E-01    1.1049E-05    4.0965E+00    1.9857E-01    8.0000E-01
9.4665E+00  5.0464E+00 3.7321E+02    1.6100E-01    7.5729E-01    1.1049E-05    4.4998E+00    2.0125E-01    8.0000E-01
8.6970E+00  5.5405E+00 3.7631E+02    1.6404E-01    7.5454E-01    1.1049E-05    4.9322E+00    2.0506E-01    8.0000E-01
7.9369E+00  6.0705E+00 3.7939E+02    1.6650E-01    7.5232E-01    1.1049E-05    5.3946E+00    2.0813E-01    8.0000E-01
7.1868E+00  6.6377E+00 3.8244E+02    1.6880E-01    7.5025E-01    1.1049E-05    5.8881E+00    2.1101E-01    8.0000E-01
6.4470E+00  7.2431E+00 3.8548E+02    1.7147E-01    7.4784E-01    1.1049E-05    6.4131E+00    2.1434E-01    8.0000E-01
5.7178E+00  7.8877E+00 3.8849E+02    1.7347E-01    7.4604E-01    1.1049E-05    6.9706E+00    2.1684E-01    8.0000E-01
4.9996E+00  8.5721E+00 3.9148E+02    1.7603E-01    7.4372E-01    1.1049E-05    7.5609E+00    2.2004E-01    8.0000E-01
4.2928E+00  9.2970E+00 3.9443E+02    1.7821E-01    7.4175E-01    1.1049E-05    8.1843E+00    2.2276E-01    8.0000E-01
3.5978E+00  1.0063E+01 3.9735E+02    1.8021E-01    7.3995E-01    1.1049E-05    8.8411E+00    2.2527E-01    8.0000E-01
2.9149E+00  1.0869E+01 4.0025E+02    1.8252E-01    7.3787E-01    1.1049E-05    9.5497E+00    2.2815E-01    8.0000E-01
2.2446E+00  1.1716E+01 4.0310E+02    1.8413E-01    7.3641E-01    1.1049E-05    1.0292E+01    2.3017E-01    8.0000E-01
1.5872E+00  1.2604E+01 4.0592E+02    1.8650E-01    7.3427E-01    1.1049E-05    1.1069E+01    2.3312E-01    8.0000E-01
9.4295E-01  1.3531E+01 4.0870E+02    1.8816E-01    7.3277E-01    1.1049E-05    1.1877E+01    2.3520E-01    8.0000E-01
3.1238E-01  1.4497E+01 4.1143E+02    1.9018E-01    7.3096E-01    1.1049E-05    1.2718E+01    2.3772E-01    8.0000E-01
0.0000E+00  1.4998E+01 4.1279E+02    1.9083E-01    7.3037E-01    1.1049E-05    1.3153E+01    2.3853E-01    8.0000E-01
