     ALT          P          T          FH2O           FCO2           FH2O          PCO2          FSATUR(ND)
1.0302E+02  8.0453E-07 1.7607E+02    1.5563E-05    4.3575E-01    1.5575E-05    0.0000E+00    3.1937E-02    8.0000E-01
1.0181E+02  1.0616E-06 1.7179E+02    1.5563E-05    4.3575E-01    1.5575E-05    1.4498E-07    1.1297E-02    8.0000E-01
1.0065E+02  1.3979E-06 1.6749E+02    1.5563E-05    4.3575E-01    1.5575E-05    3.3464E-07    2.4839E-03    8.0000E-01
9.9524E+01  1.8369E-06 1.6475E+02    1.5563E-05    4.3575E-01    1.5575E-05    5.8219E-07    1.2436E-03    8.0000E-01
9.8419E+01  2.4087E-06 1.6324E+02    1.5563E-05    4.3575E-01    1.5575E-05    9.0463E-07    6.9236E-04    8.0000E-01
9.7332E+01  3.1518E-06 1.6181E+02    1.5563E-05    4.3575E-01    1.5575E-05    1.3237E-06    3.7921E-04    8.0000E-01
9.6264E+01  4.1155E-06 1.6039E+02    1.5563E-05    4.3575E-01    1.5575E-05    1.8671E-06    2.0586E-04    8.0000E-01
9.5214E+01  5.3626E-06 1.5910E+02    1.5563E-05    4.3575E-01    1.5575E-05    2.5704E-06    1.1471E-04    8.0000E-01
9.4180E+01  6.9729E-06 1.5806E+02    1.5563E-05    4.3575E-01    1.5575E-05    3.4784E-06    6.8106E-05    8.0000E-01
9.3160E+01  9.0477E-06 1.5737E+02    1.5563E-05    4.3575E-01    1.5575E-05    4.6484E-06    4.4107E-05    8.0000E-01
9.2152E+01  1.1715E-05 1.5706E+02    1.5563E-05    4.3575E-01    1.5575E-05    6.1526E-06    3.1595E-05    8.0000E-01
9.1153E+01  1.5137E-05 1.5712E+02    1.5563E-05    4.3575E-01    1.5575E-05    8.0824E-06    2.4943E-05    8.0000E-01
9.0161E+01  1.9518E-05 1.5749E+02    1.5563E-05    4.3575E-01    1.5575E-05    1.0553E-05    2.1318E-05    8.0000E-01
8.9175E+01  2.5113E-05 1.5809E+02    1.5563E-05    4.3575E-01    1.5575E-05    1.3708E-05    1.9300E-05    8.0000E-01
8.8193E+01  3.2244E-05 1.5886E+02    1.5563E-05    4.3575E-01    1.5575E-05    1.7729E-05    1.8170E-05    8.0000E-01
8.7214E+01  4.1313E-05 1.5978E+02    1.5563E-05    4.3575E-01    1.5575E-05    2.2844E-05    1.7664E-05    8.0000E-01
8.6238E+01  5.2823E-05 1.6085E+02    1.5563E-05    4.3575E-01    1.5575E-05    2.9334E-05    1.7824E-05    8.0000E-01
8.5263E+01  6.7396E-05 1.6211E+02    1.5563E-05    4.3575E-01    1.5575E-05    3.7552E-05    1.8796E-05    8.0000E-01
8.4290E+01  8.5810E-05 1.6354E+02    1.5563E-05    4.3575E-01    1.5575E-05    4.7936E-05    2.0624E-05    8.0000E-01
8.3316E+01  1.0902E-04 1.6505E+02    1.5563E-05    4.3575E-01    1.5575E-05    6.1027E-05    2.3176E-05    8.0000E-01
8.2342E+01  1.3823E-04 1.6645E+02    1.5563E-05    4.3575E-01    1.5575E-05    7.7496E-05    2.5373E-05    8.0000E-01
8.1371E+01  1.7489E-04 1.6753E+02    1.5563E-05    4.3575E-01    1.5575E-05    9.8168E-05    2.5455E-05    8.0000E-01
8.0403E+01  2.2080E-04 1.6826E+02    1.5563E-05    4.3575E-01    1.5575E-05    1.2406E-04    2.3310E-05    8.0000E-01
7.9440E+01  2.7819E-04 1.6888E+02    1.5563E-05    4.3575E-01    1.5575E-05    1.5642E-04    2.0587E-05    8.0000E-01
7.8482E+01  3.4975E-04 1.6969E+02    1.5563E-05    4.3575E-01    1.5575E-05    1.9678E-04    1.9630E-05    8.0000E-01
7.7528E+01  4.3880E-04 1.7069E+02    1.5575E-05    4.3575E-01    1.5575E-05    2.4699E-04    1.9454E-05    8.0000E-01
7.6578E+01  5.4937E-04 1.7177E+02    1.5625E-05    4.3575E-01    1.5575E-05    3.0934E-04    1.9532E-05    8.0000E-01
7.5630E+01  6.8634E-04 1.7295E+02    1.5972E-05    4.3575E-01    1.5575E-05    3.8659E-04    1.9966E-05    8.0000E-01
7.4683E+01  8.5567E-04 1.7493E+02    1.9151E-05    4.3575E-01    1.5575E-05    4.8207E-04    2.3939E-05    8.0000E-01
7.3735E+01  1.0645E-03 1.7698E+02    2.3098E-05    4.3575E-01    1.5575E-05    5.9986E-04    2.8873E-05    8.0000E-01
7.2785E+01  1.3216E-03 1.7921E+02    2.8644E-05    4.3575E-01    1.5575E-05    7.4482E-04    3.5805E-05    8.0000E-01
7.1832E+01  1.6373E-03 1.8139E+02    3.4838E-05    4.3574E-01    1.5575E-05    9.2284E-04    4.3547E-05    8.0000E-01
7.0878E+01  2.0241E-03 1.8362E+02    4.2547E-05    4.3574E-01    1.5575E-05    1.1410E-03    5.3184E-05    8.0000E-01
6.9921E+01  2.4971E-03 1.8590E+02    5.1896E-05    4.3574E-01    1.5575E-05    1.4077E-03    6.4870E-05    8.0000E-01
6.8963E+01  3.0741E-03 1.8805E+02    6.1468E-05    4.3573E-01    1.5575E-05    1.7331E-03    7.6835E-05    8.0000E-01
6.8005E+01  3.7765E-03 1.8990E+02    6.8807E-05    4.3573E-01    1.5575E-05    2.1292E-03    8.6009E-05    8.0000E-01
6.7047E+01  4.6297E-03 1.9194E+02    7.9063E-05    4.3573E-01    1.5575E-05    2.6102E-03    9.8829E-05    8.0000E-01
6.6090E+01  5.6637E-03 1.9394E+02    8.9887E-05    4.3572E-01    1.5575E-05    3.1933E-03    1.1236E-04    8.0000E-01
6.5129E+01  6.9140E-03 1.9761E+02    1.3240E-04    4.3570E-01    1.5575E-05    3.8983E-03    1.6550E-04    8.0000E-01
6.4159E+01  8.4226E-03 2.0165E+02    2.0225E-04    4.3567E-01    1.5575E-05    4.7489E-03    2.5281E-04    8.0000E-01
6.3167E+01  1.0239E-02 2.1138E+02    6.7531E-04    4.3547E-01    1.5575E-05    5.7727E-03    8.4414E-04    8.0000E-01
6.2141E+01  1.2421E-02 2.2015E+02    1.7673E-03    4.3499E-01    1.5575E-05    7.0015E-03    2.2091E-03    8.0000E-01
6.1088E+01  1.5036E-02 2.2758E+02    3.6248E-03    4.3418E-01    1.5575E-05    8.4722E-03    4.5310E-03    8.0000E-01
6.0015E+01  1.8163E-02 2.3381E+02    6.1532E-03    4.3308E-01    1.5575E-05    1.0227E-02    7.6915E-03    8.0000E-01
5.8925E+01  2.1894E-02 2.3916E+02    9.1752E-03    4.3176E-01    1.5575E-05    1.2315E-02    1.1469E-02    8.0000E-01
5.7823E+01  2.6337E-02 2.4389E+02    1.2540E-02    4.3030E-01    1.5575E-05    1.4793E-02    1.5675E-02    8.0000E-01
5.6712E+01  3.1615E-02 2.4818E+02    1.6141E-02    4.2873E-01    1.5575E-05    1.7727E-02    2.0176E-02    8.0000E-01
5.5594E+01  3.7871E-02 2.5217E+02    1.9906E-02    4.2709E-01    1.5575E-05    2.1191E-02    2.4883E-02    8.0000E-01
5.4470E+01  4.5269E-02 2.5592E+02    2.3786E-02    4.2540E-01    1.5575E-05    2.5272E-02    2.9732E-02    8.0000E-01
5.3342E+01  5.3999E-02 2.5949E+02    2.7744E-02    4.2367E-01    1.5575E-05    3.0068E-02    3.4680E-02    8.0000E-01
5.2209E+01  6.4276E-02 2.6294E+02    3.1756E-02    4.2192E-01    1.5575E-05    3.5692E-02    3.9694E-02    8.0000E-01
5.1075E+01  7.6350E-02 2.6627E+02    3.5801E-02    4.2016E-01    1.5575E-05    4.2270E-02    4.4751E-02    8.0000E-01
4.9938E+01  9.0500E-02 2.6952E+02    3.9866E-02    4.1839E-01    1.5575E-05    4.9948E-02    4.9833E-02    8.0000E-01
4.8800E+01  1.0705E-01 2.7270E+02    4.3939E-02    4.1661E-01    1.5575E-05    5.8889E-02    5.4924E-02    8.0000E-01
4.7660E+01  1.2636E-01 2.7626E+02    4.8984E-02    4.1441E-01    1.5575E-05    6.9271E-02    6.1230E-02    8.0000E-01
4.6517E+01  1.4883E-01 2.7985E+02    5.3383E-02    4.1250E-01    1.5575E-05    8.1297E-02    6.6729E-02    8.0000E-01
4.5373E+01  1.7494E-01 2.8338E+02    5.7175E-02    4.1085E-01    1.5575E-05    9.5205E-02    7.1468E-02    8.0000E-01
4.4228E+01  2.0519E-01 2.8691E+02    6.1857E-02    4.0880E-01    1.5575E-05    1.1174E-01    7.7322E-02    8.0000E-01
4.3081E+01  2.4017E-01 2.9043E+02    6.6430E-02    4.0681E-01    1.5575E-05    1.3076E-01    8.3038E-02    8.0000E-01
4.1934E+01  2.8052E-01 2.9394E+02    7.0425E-02    4.0507E-01    1.5575E-05    1.5260E-01    8.8032E-02    8.0000E-01
4.0787E+01  3.2696E-01 2.9743E+02    7.4596E-02    4.0325E-01    1.5575E-05    1.7762E-01    9.3245E-02    8.0000E-01
3.9641E+01  3.8029E-01 3.0093E+02    7.9257E-02    4.0122E-01    1.5575E-05    2.0623E-01    9.9071E-02    8.0000E-01
3.8495E+01  4.4140E-01 3.0444E+02    8.3379E-02    3.9943E-01    1.5575E-05    2.3884E-01    1.0422E-01    8.0000E-01
3.7350E+01  5.1124E-01 3.0792E+02    8.7059E-02    3.9782E-01    1.5575E-05    2.7596E-01    1.0882E-01    8.0000E-01
3.6206E+01  5.9088E-01 3.1143E+02    9.1747E-02    3.9578E-01    1.5575E-05    3.1810E-01    1.1468E-01    8.0000E-01
3.5065E+01  6.8150E-01 3.1493E+02    9.5851E-02    3.9399E-01    1.5575E-05    3.6581E-01    1.1981E-01    8.0000E-01
3.3926E+01  7.8437E-01 3.1838E+02    9.9116E-02    3.9257E-01    1.5575E-05    4.1975E-01    1.2389E-01    8.0000E-01
3.2790E+01  9.0087E-01 3.2185E+02    1.0328E-01    3.9075E-01    1.5575E-05    4.8059E-01    1.2910E-01    8.0000E-01
3.1657E+01  1.0325E+00 3.2534E+02    1.0723E-01    3.8903E-01    1.5575E-05    5.4901E-01    1.3403E-01    8.0000E-01
3.0528E+01  1.1809E+00 3.2883E+02    1.1055E-01    3.8759E-01    1.5575E-05    6.2583E-01    1.3819E-01    8.0000E-01
2.9403E+01  1.3477E+00 3.3232E+02    1.1422E-01    3.8599E-01    1.5575E-05    7.1188E-01    1.4277E-01    8.0000E-01
2.8282E+01  1.5349E+00 3.3585E+02    1.1820E-01    3.8425E-01    1.5575E-05    8.1101E-01    1.4775E-01    8.0000E-01
2.7166E+01  1.7444E+00 3.3938E+02    1.2172E-01    3.8272E-01    1.5575E-05    9.2149E-01    1.5215E-01    8.0000E-01
2.6056E+01  1.9784E+00 3.4292E+02    1.2492E-01    3.8132E-01    1.5575E-05    1.0444E+00    1.5615E-01    8.0000E-01
2.4951E+01  2.2390E+00 3.4648E+02    1.2895E-01    3.7957E-01    1.5575E-05    1.1807E+00    1.6119E-01    8.0000E-01
2.3852E+01  2.5287E+00 3.5005E+02    1.3260E-01    3.7798E-01    1.5575E-05    1.3316E+00    1.6575E-01    8.0000E-01
2.2759E+01  2.8498E+00 3.5362E+02    1.3577E-01    3.7660E-01    1.5575E-05    1.4981E+00    1.6971E-01    8.0000E-01
2.1673E+01  3.2049E+00 3.5720E+02    1.3937E-01    3.7503E-01    1.5575E-05    1.6817E+00    1.7421E-01    8.0000E-01
2.0594E+01  3.5967E+00 3.6078E+02    1.4302E-01    3.7344E-01    1.5575E-05    1.8833E+00    1.7878E-01    8.0000E-01
1.9522E+01  4.0279E+00 3.6437E+02    1.4627E-01    3.7202E-01    1.5575E-05    2.1043E+00    1.8283E-01    8.0000E-01
1.8459E+01  4.5014E+00 3.6795E+02    1.4921E-01    3.7074E-01    1.5575E-05    2.3460E+00    1.8651E-01    8.0000E-01
1.7404E+01  5.0199E+00 3.7153E+02    1.5282E-01    3.6917E-01    1.5575E-05    2.6098E+00    1.9103E-01    8.0000E-01
1.6358E+01  5.5864E+00 3.7512E+02    1.5606E-01    3.6775E-01    1.5575E-05    2.8968E+00    1.9508E-01    8.0000E-01
1.5321E+01  6.2037E+00 3.7869E+02    1.5889E-01    3.6652E-01    1.5575E-05    3.2085E+00    1.9861E-01    8.0000E-01
1.4294E+01  6.8749E+00 3.8225E+02    1.6201E-01    3.6516E-01    1.5575E-05    3.5461E+00    2.0251E-01    8.0000E-01
1.3278E+01  7.6026E+00 3.8581E+02    1.6519E-01    3.6378E-01    1.5575E-05    3.9107E+00    2.0649E-01    8.0000E-01
1.2272E+01  8.3896E+00 3.8936E+02    1.6800E-01    3.6255E-01    1.5575E-05    4.3038E+00    2.1000E-01    8.0000E-01
1.1278E+01  9.2387E+00 3.9289E+02    1.7056E-01    3.6144E-01    1.5575E-05    4.7264E+00    2.1320E-01    8.0000E-01
1.0295E+01  1.0152E+01 3.9641E+02    1.7363E-01    3.6010E-01    1.5575E-05    5.1796E+00    2.1704E-01    8.0000E-01
9.3246E+00  1.1133E+01 3.9991E+02    1.7636E-01    3.5891E-01    1.5575E-05    5.6800E+00    2.2044E-01    8.0000E-01
8.3671E+00  1.2183E+01 4.0339E+02    1.7867E-01    3.5790E-01    1.5575E-05    6.2139E+00    2.2334E-01    8.0000E-01
7.4228E+00  1.3303E+01 4.0685E+02    1.8146E-01    3.5669E-01    1.5575E-05    6.7822E+00    2.2682E-01    8.0000E-01
6.4922E+00  1.4496E+01 4.1028E+02    1.8404E-01    3.5556E-01    1.5575E-05    7.3853E+00    2.3005E-01    8.0000E-01
5.5759E+00  1.5763E+01 4.1368E+02    1.8622E-01    3.5461E-01    1.5575E-05    8.0238E+00    2.3277E-01    8.0000E-01
4.6744E+00  1.7105E+01 4.1705E+02    1.8866E-01    3.5355E-01    1.5575E-05    8.6981E+00    2.3582E-01    8.0000E-01
3.7882E+00  1.8522E+01 4.2039E+02    1.9104E-01    3.5251E-01    1.5575E-05    9.4080E+00    2.3881E-01    8.0000E-01
2.9178E+00  2.0014E+01 4.2368E+02    1.9302E-01    3.5165E-01    1.5575E-05    1.0154E+01    2.4128E-01    8.0000E-01
2.0637E+00  2.1581E+01 4.2694E+02    1.9525E-01    3.5068E-01    1.5575E-05    1.0935E+01    2.4406E-01    8.0000E-01
1.2263E+00  2.3221E+01 4.3015E+02    1.9738E-01    3.4975E-01    1.5575E-05    1.1750E+01    2.4673E-01    8.0000E-01
4.0636E-01  2.4934E+01 4.3332E+02    1.9908E-01    3.4901E-01    1.5575E-05    1.2599E+01    2.4885E-01    8.0000E-01
0.0000E+00  2.5823E+01 4.3490E+02    2.0029E-01    3.4848E-01    1.5575E-05    1.3040E+01    2.5037E-01    8.0000E-01
