     ALT          P          T          FH2O           FCO2           FH2O          PCO2          FSATUR(ND)
8.3938E+01  7.8440E-06 1.9130E+02    2.5097E-07    5.9975E-03    2.5098E-07    0.0000E+00    5.2384E-02    8.0000E-02
8.2626E+01  9.8410E-06 1.8404E+02    2.5097E-07    5.9975E-03    2.5098E-07    1.8821E-08    9.8461E-03    8.0000E-02
8.1367E+01  1.2325E-05 1.7924E+02    2.5097E-07    5.9975E-03    2.5098E-07    4.2233E-08    3.5109E-03    8.0000E-02
8.0144E+01  1.5410E-05 1.7667E+02    2.5097E-07    5.9975E-03    2.5098E-07    7.1306E-08    1.7916E-03    8.0000E-02
7.8944E+01  1.9234E-05 1.7519E+02    2.5097E-07    5.9975E-03    2.5098E-07    1.0734E-07    1.0944E-03    8.0000E-02
7.7762E+01  2.3965E-05 1.7426E+02    2.5097E-07    5.9975E-03    2.5098E-07    1.5193E-07    7.3628E-04    8.0000E-02
7.6595E+01  2.9808E-05 1.7366E+02    2.5097E-07    5.9975E-03    2.5098E-07    2.0701E-07    5.2532E-04    8.0000E-02
7.5440E+01  3.7013E-05 1.7326E+02    2.5097E-07    5.9975E-03    2.5098E-07    2.7491E-07    3.9143E-04    8.0000E-02
7.4298E+01  4.5881E-05 1.7304E+02    2.5097E-07    5.9975E-03    2.5098E-07    3.5848E-07    3.0209E-04    8.0000E-02
7.3166E+01  5.6774E-05 1.7294E+02    2.5097E-07    5.9975E-03    2.5098E-07    4.6115E-07    2.3959E-04    8.0000E-02
7.2044E+01  7.0134E-05 1.7292E+02    2.5097E-07    5.9975E-03    2.5098E-07    5.8706E-07    1.9376E-04    8.0000E-02
7.0931E+01  8.6489E-05 1.7298E+02    2.5097E-07    5.9975E-03    2.5098E-07    7.4120E-07    1.5896E-04    8.0000E-02
6.9827E+01  1.0647E-04 1.7310E+02    2.5097E-07    5.9975E-03    2.5098E-07    9.2955E-07    1.3230E-04    8.0000E-02
6.8732E+01  1.3085E-04 1.7327E+02    2.5097E-07    5.9975E-03    2.5098E-07    1.1593E-06    1.1167E-04    8.0000E-02
6.7645E+01  1.6053E-04 1.7346E+02    2.5097E-07    5.9975E-03    2.5098E-07    1.4390E-06    9.4781E-05    8.0000E-02
6.6567E+01  1.9661E-04 1.7366E+02    2.5097E-07    5.9975E-03    2.5098E-07    1.7791E-06    8.0644E-05    8.0000E-02
6.5497E+01  2.4038E-04 1.7387E+02    2.5097E-07    5.9975E-03    2.5098E-07    2.1916E-06    6.8726E-05    8.0000E-02
6.4435E+01  2.9339E-04 1.7406E+02    2.5097E-07    5.9975E-03    2.5098E-07    2.6912E-06    5.8613E-05    8.0000E-02
6.3381E+01  3.5748E-04 1.7425E+02    2.5097E-07    5.9975E-03    2.5098E-07    3.2952E-06    4.9964E-05    8.0000E-02
6.2336E+01  4.3481E-04 1.7442E+02    2.5097E-07    5.9975E-03    2.5098E-07    4.0240E-06    4.2535E-05    8.0000E-02
6.1299E+01  5.2797E-04 1.7458E+02    2.5097E-07    5.9975E-03    2.5098E-07    4.9020E-06    3.6162E-05    8.0000E-02
6.0272E+01  6.3998E-04 1.7471E+02    2.5097E-07    5.9975E-03    2.5098E-07    5.9576E-06    3.0678E-05    8.0000E-02
5.9252E+01  7.7442E-04 1.7481E+02    2.5097E-07    5.9975E-03    2.5098E-07    7.2247E-06    2.5878E-05    8.0000E-02
5.8243E+01  9.3549E-04 1.7484E+02    2.5097E-07    5.9975E-03    2.5098E-07    8.7428E-06    2.1580E-05    8.0000E-02
5.7242E+01  1.1281E-03 1.7478E+02    2.5097E-07    5.9975E-03    2.5098E-07    1.0558E-05    1.7699E-05    8.0000E-02
5.6252E+01  1.3581E-03 1.7462E+02    2.5097E-07    5.9975E-03    2.5098E-07    1.2726E-05    1.4240E-05    8.0000E-02
5.5272E+01  1.6321E-03 1.7438E+02    2.5097E-07    5.9975E-03    2.5098E-07    1.5308E-05    1.1263E-05    8.0000E-02
5.4304E+01  1.9581E-03 1.7409E+02    2.5097E-07    5.9975E-03    2.5098E-07    1.8380E-05    8.8224E-06    8.0000E-02
5.3346E+01  2.3451E-03 1.7380E+02    2.5097E-07    5.9975E-03    2.5098E-07    2.2027E-05    6.9208E-06    8.0000E-02
5.2399E+01  2.8037E-03 1.7358E+02    2.5097E-07    5.9975E-03    2.5098E-07    2.6350E-05    5.5146E-06    8.0000E-02
5.1463E+01  3.3463E-03 1.7349E+02    2.5097E-07    5.9975E-03    2.5098E-07    3.1464E-05    4.5307E-06    8.0000E-02
5.0535E+01  3.9871E-03 1.7360E+02    2.5097E-07    5.9975E-03    2.5098E-07    3.7503E-05    3.8832E-06    8.0000E-02
4.9616E+01  4.7423E-03 1.7392E+02    2.5097E-07    5.9975E-03    2.5098E-07    4.4621E-05    3.4872E-06    8.0000E-02
4.8704E+01  5.6310E-03 1.7444E+02    2.5097E-07    5.9975E-03    2.5098E-07    5.2996E-05    3.2687E-06    8.0000E-02
4.7799E+01  6.6747E-03 1.7512E+02    2.5097E-07    5.9975E-03    2.5098E-07    6.2833E-05    3.1698E-06    8.0000E-02
4.6899E+01  7.8982E-03 1.7593E+02    2.5097E-07    5.9975E-03    2.5098E-07    7.4364E-05    3.1495E-06    8.0000E-02
4.6004E+01  9.3300E-03 1.7682E+02    2.5097E-07    5.9975E-03    2.5098E-07    8.7858E-05    3.1815E-06    8.0000E-02
4.5114E+01  1.1002E-02 1.7777E+02    2.5097E-07    5.9975E-03    2.5098E-07    1.0362E-04    3.2492E-06    8.0000E-02
4.4229E+01  1.2952E-02 1.7875E+02    2.5097E-07    5.9975E-03    2.5098E-07    1.2199E-04    3.3410E-06    8.0000E-02
4.3348E+01  1.5221E-02 1.7975E+02    2.5097E-07    5.9975E-03    2.5098E-07    1.4338E-04    3.4447E-06    8.0000E-02
4.2472E+01  1.7857E-02 1.8074E+02    2.5097E-07    5.9975E-03    2.5098E-07    1.6822E-04    3.5440E-06    8.0000E-02
4.1602E+01  2.0913E-02 1.8170E+02    2.5097E-07    5.9975E-03    2.5098E-07    1.9703E-04    3.6217E-06    8.0000E-02
4.0736E+01  2.4451E-02 1.8262E+02    2.5097E-07    5.9975E-03    2.5098E-07    2.3037E-04    3.6682E-06    8.0000E-02
3.9876E+01  2.8537E-02 1.8349E+02    2.5097E-07    5.9975E-03    2.5098E-07    2.6888E-04    3.6860E-06    8.0000E-02
3.9022E+01  3.3250E-02 1.8434E+02    2.5097E-07    5.9975E-03    2.5098E-07    3.1329E-04    3.6882E-06    8.0000E-02
3.8174E+01  3.8674E-02 1.8519E+02    2.5097E-07    5.9975E-03    2.5098E-07    3.6441E-04    3.6897E-06    8.0000E-02
3.7332E+01  4.4905E-02 1.8605E+02    2.5097E-07    5.9975E-03    2.5098E-07    4.2314E-04    3.6999E-06    8.0000E-02
3.6496E+01  5.2051E-02 1.8691E+02    2.5097E-07    5.9975E-03    2.5098E-07    4.9048E-04    3.7207E-06    8.0000E-02
3.5666E+01  6.0230E-02 1.8779E+02    2.5097E-07    5.9975E-03    2.5098E-07    5.6757E-04    3.7475E-06    8.0000E-02
3.4842E+01  6.9574E-02 1.8866E+02    2.5097E-07    5.9975E-03    2.5098E-07    6.5564E-04    3.7728E-06    8.0000E-02
3.4024E+01  8.0230E-02 1.8951E+02    2.5097E-07    5.9975E-03    2.5098E-07    7.5607E-04    3.7893E-06    8.0000E-02
3.3213E+01  9.2359E-02 1.9035E+02    2.5097E-07    5.9975E-03    2.5098E-07    8.7038E-04    3.7931E-06    8.0000E-02
3.2409E+01  1.0614E-01 1.9116E+02    2.5097E-07    5.9975E-03    2.5098E-07    1.0003E-03    3.7846E-06    8.0000E-02
3.1611E+01  1.2177E-01 1.9195E+02    2.5097E-07    5.9975E-03    2.5098E-07    1.1475E-03    3.7668E-06    8.0000E-02
3.0820E+01  1.3945E-01 1.9273E+02    2.5097E-07    5.9975E-03    2.5098E-07    1.3142E-03    3.7425E-06    8.0000E-02
3.0037E+01  1.5943E-01 1.9350E+02    2.5097E-07    5.9975E-03    2.5098E-07    1.5025E-03    3.7130E-06    8.0000E-02
2.9260E+01  1.8197E-01 1.9425E+02    2.5097E-07    5.9975E-03    2.5098E-07    1.7149E-03    3.6782E-06    8.0000E-02
2.8491E+01  2.0732E-01 1.9499E+02    2.5097E-07    5.9975E-03    2.5098E-07    1.9539E-03    3.6373E-06    8.0000E-02
2.7730E+01  2.3581E-01 1.9571E+02    2.5097E-07    5.9975E-03    2.5098E-07    2.2224E-03    3.5899E-06    8.0000E-02
2.6976E+01  2.6775E-01 1.9641E+02    2.5097E-07    5.9975E-03    2.5098E-07    2.5234E-03    3.5371E-06    8.0000E-02
2.6230E+01  3.0349E-01 1.9710E+02    2.5097E-07    5.9975E-03    2.5098E-07    2.8602E-03    3.4809E-06    8.0000E-02
2.5491E+01  3.4341E-01 1.9778E+02    2.5097E-07    5.9975E-03    2.5098E-07    3.2365E-03    3.4241E-06    8.0000E-02
2.4761E+01  3.8792E-01 1.9846E+02    2.5097E-07    5.9975E-03    2.5098E-07    3.6559E-03    3.3693E-06    8.0000E-02
2.4038E+01  4.3744E-01 1.9914E+02    2.5097E-07    5.9975E-03    2.5098E-07    4.1227E-03    3.3183E-06    8.0000E-02
2.3324E+01  4.9244E-01 1.9982E+02    2.5097E-07    5.9975E-03    2.5098E-07    4.6410E-03    3.2725E-06    8.0000E-02
2.2618E+01  5.5339E-01 2.0050E+02    2.5097E-07    5.9975E-03    2.5098E-07    5.2155E-03    3.2327E-06    8.0000E-02
2.1920E+01  6.2083E-01 2.0119E+02    2.5097E-07    5.9975E-03    2.5098E-07    5.8510E-03    3.1994E-06    8.0000E-02
2.1230E+01  6.9528E-01 2.0188E+02    2.5097E-07    5.9975E-03    2.5098E-07    6.5527E-03    3.1730E-06    8.0000E-02
2.0549E+01  7.7732E-01 2.0259E+02    2.5097E-07    5.9975E-03    2.5098E-07    7.3259E-03    3.1538E-06    8.0000E-02
1.9876E+01  8.6755E-01 2.0330E+02    2.5097E-07    5.9975E-03    2.5098E-07    8.1763E-03    3.1420E-06    8.0000E-02
1.9211E+01  9.6659E-01 2.0402E+02    2.5098E-07    5.9975E-03    2.5098E-07    9.1097E-03    3.1371E-06    8.0000E-02
1.8554E+01  1.0751E+00 2.0475E+02    2.5104E-07    5.9975E-03    2.5098E-07    1.0132E-02    3.1380E-06    8.0000E-02
1.7906E+01  1.1937E+00 2.0549E+02    2.6332E-07    5.9975E-03    2.5098E-07    1.1250E-02    3.1498E-06    8.3605E-02
1.7265E+01  1.3231E+00 2.0738E+02    3.5091E-07    5.9975E-03    2.5098E-07    1.2470E-02    3.7310E-06    9.4059E-02
1.6625E+01  1.4641E+00 2.1194E+02    6.7087E-07    5.9975E-03    2.5098E-07    1.3798E-02    6.3672E-06    1.0537E-01
1.5979E+01  1.6172E+00 2.1789E+02    1.4939E-06    5.9975E-03    2.5098E-07    1.5242E-02    1.2705E-05    1.1759E-01
1.5328E+01  1.7833E+00 2.2391E+02    3.2110E-06    5.9975E-03    2.5098E-07    1.6807E-02    2.4559E-05    1.3076E-01
1.4671E+01  1.9631E+00 2.2999E+02    6.6674E-06    5.9975E-03    2.5098E-07    1.8502E-02    4.6007E-05    1.4493E-01
1.4008E+01  2.1573E+00 2.3611E+02    1.3378E-05    5.9974E-03    2.5098E-07    2.0332E-02    8.3535E-05    1.6015E-01
1.3340E+01  2.3667E+00 2.4224E+02    2.5933E-05    5.9973E-03    2.5098E-07    2.2305E-02    1.4696E-04    1.7647E-01
1.2668E+01  2.5919E+00 2.4835E+02    4.8535E-05    5.9972E-03    2.5098E-07    2.4427E-02    2.5027E-04    1.9394E-01
1.1993E+01  2.8336E+00 2.5441E+02    8.7594E-05    5.9970E-03    2.5098E-07    2.6706E-02    4.1206E-04    2.1259E-01
1.1314E+01  3.0926E+00 2.6036E+02    1.5222E-04    5.9966E-03    2.5098E-07    2.9146E-02    6.5483E-04    2.3246E-01
1.0635E+01  3.3695E+00 2.6614E+02    2.5435E-04    5.9960E-03    2.5098E-07    3.1755E-02    1.0030E-03    2.5361E-01
9.9542E+00  3.6648E+00 2.7172E+02    4.0831E-04    5.9951E-03    2.5098E-07    3.4537E-02    1.4791E-03    2.7606E-01
9.2741E+00  3.9791E+00 2.7720E+02    6.2011E-04    5.9938E-03    2.5098E-07    3.7498E-02    2.0682E-03    2.9984E-01
8.5952E+00  4.3130E+00 2.8252E+02    8.9177E-04    5.9922E-03    2.5098E-07    4.0642E-02    2.7440E-03    3.2499E-01
7.9185E+00  4.6669E+00 2.8764E+02    1.2476E-03    5.9900E-03    2.5098E-07    4.3974E-02    3.5492E-03    3.5153E-01
7.2450E+00  5.0411E+00 2.9254E+02    1.7020E-03    5.9873E-03    2.5098E-07    4.7495E-02    4.4853E-03    3.7947E-01
6.5756E+00  5.4359E+00 2.9723E+02    2.2684E-03    5.9839E-03    2.5098E-07    5.1209E-02    5.5486E-03    4.0883E-01
5.9113E+00  5.8516E+00 3.0172E+02    2.9584E-03    5.9798E-03    2.5098E-07    5.5117E-02    6.7296E-03    4.3962E-01
5.2529E+00  6.2883E+00 3.0602E+02    3.7800E-03    5.9748E-03    2.5098E-07    5.9219E-02    8.0115E-03    4.7183E-01
4.6013E+00  6.7459E+00 3.1013E+02    4.7356E-03    5.9691E-03    2.5098E-07    6.3513E-02    9.3691E-03    5.0545E-01
3.9573E+00  7.2245E+00 3.1405E+02    5.8192E-03    5.9626E-03    2.5098E-07    6.7999E-02    1.0767E-02    5.4048E-01
3.3216E+00  7.7236E+00 3.1779E+02    7.0455E-03    5.9552E-03    2.5098E-07    7.2673E-02    1.2213E-02    5.7688E-01
2.6949E+00  8.2430E+00 3.2140E+02    8.4844E-03    5.9466E-03    2.5098E-07    7.7531E-02    1.3804E-02    6.1463E-01
2.0778E+00  8.7823E+00 3.2486E+02    1.0054E-02    5.9372E-03    2.5098E-07    8.2753E-02    1.5381E-02    6.5369E-01
1.4709E+00  9.3408E+00 3.2817E+02    1.1714E-02    5.9272E-03    2.5098E-07    8.8151E-02    1.6879E-02    6.9399E-01
8.7482E-01  9.9176E+00 3.3135E+02    1.3667E-02    5.9155E-03    2.5098E-07    9.3718E-02    1.8582E-02    7.3550E-01
2.9010E-01  1.0512E+01 3.3437E+02    1.5674E-02    5.9035E-03    2.5098E-07    9.9443E-02    2.0143E-02    7.7812E-01
0.0000E+00  1.0818E+01 3.3587E+02    1.6790E-02    5.8968E-03    2.5098E-07    1.0238E-01    2.0987E-02    8.0000E-01
