   7.7643016775753022E-011   0.0000000000000000                         1                    0
   7.0395966649760251E-010   0.0000000000000000                         2                    0
   1.8988513970116090E-009   0.0000000000000000                         3                    0
   3.3122816221807031E-009   0.0000000000000000                         4                    0
   4.7722098092908293E-009   0.0000000000000000                         5                    0
   6.0493890489288690E-009   0.0000000000000000                         6                    0
   7.1736938546115462E-009   0.0000000000000000                         7                    0
   8.5562193398843440E-009   0.0000000000000000                         8                    0
   9.3856441154199977E-009   0.0000000000000000                         9                    0
   1.0063447710818582E-008   0.0000000000000000                        10                    0
   9.4721365901174425E-009   0.0000000000000000                        11                    0
   4.1648314419683894E-009   0.0000000000000000                        12                    0
   3.5562079441821023E-009   0.0000000000000000                        13                    0
   9.5421863751980020E-009   0.0000000000000000                        14                    0
   1.1584838952189593E-008   0.0000000000000000                        15                    0
   1.0863039345214427E-008   0.0000000000000000                        16                    0
   9.9250624688104184E-009   0.0000000000000000                        17                    0
   8.8512623748990044E-009   0.0000000000000000                        18                    0
   7.6193117360368368E-009   0.0000000000000000                        19                    0
   6.1170677894391713E-009   0.0000000000000000                        20                    0
   3.9918857081445984E-009   0.0000000000000000                        21                    0
   2.3125835193400681E-009   0.0000000000000000                        22                    0
   8.9882150336086106E-010   0.0000000000000000                        23                    0
   3.3791090409570736E-010   0.0000000000000000                        24                    0
   2.7049183404779550E-010   0.0000000000000000                        25                    0
   1.3589842754819107E-010   0.0000000000000000                        26                    0
   1.5428354136656884E-010   0.0000000000000000                        27                    0
   1.9040773561333603E-010   0.0000000000000000                        28                    0
   2.3485055920244029E-010   0.0000000000000000                        29                    0
   2.6497484773023027E-010   0.0000000000000000                        30                    0
   8.7839643286066079E-011   0.0000000000000000                        31                    0
   1.0805015378979354E-010   0.0000000000000000                        32                    0
   6.6541355472029283E-011   0.0000000000000000                        33                    0
   1.3081803504835280E-011   0.0000000000000000                        34                    0
   1.1286859865741640E-012   0.0000000000000000                        35                    0
   2.4490779691618637E-014   0.0000000000000000                        36                    0
   1.0749502700003299E-014   0.0000000000000000                        37                    0
   7.5909865456764153E-014   0.0000000000000000                        38                    0
   1.3785077682996793E-014   0.0000000000000000                        39                    0
   2.6828900414014299E-016   0.0000000000000000                        40                    0
   1.4637507260502443E-016   0.0000000000000000                        41                    0
   3.9904649515023137E-017   0.0000000000000000                        42                    0
   1.7115215430703693E-018   0.0000000000000000                        43                    0
   3.6046567378655734E-021   0.0000000000000000                        44                    0
   1.2466017260450440E-020   0.0000000000000000                        45                    0
