                  1         2         3         4         5         6         7         8         9
  7.00E-07  2.42E-06  9.37E-07  3.40E-06  3.70E-06  1.94E-06  5.29E-06  4.82E-06  4.32E-06  3.46E-07
  8.86E-07  2.42E-06  9.37E-07  3.40E-06  3.70E-06  1.96E-06  5.33E-06  4.86E-06  4.30E-06  3.48E-07
  1.12E-06  2.42E-06  9.38E-07  3.40E-06  3.70E-06  1.94E-06  5.29E-06  4.83E-06  4.28E-06  3.47E-07
  1.41E-06  2.42E-06  9.38E-07  3.40E-06  3.70E-06  1.95E-06  5.30E-06  4.85E-06  4.31E-06  3.48E-07
  1.78E-06  2.42E-06  9.37E-07  3.40E-06  3.69E-06  1.95E-06  5.30E-06  4.83E-06  4.30E-06  3.47E-07
  2.24E-06  2.42E-06  9.37E-07  3.40E-06  3.69E-06  1.95E-06  5.30E-06  4.84E-06  4.30E-06  3.48E-07
  2.81E-06  2.42E-06  9.37E-07  3.40E-06  3.70E-06  1.95E-06  5.30E-06  4.84E-06  4.29E-06  3.47E-07
  3.52E-06  2.42E-06  9.37E-07  3.40E-06  3.69E-06  1.95E-06  5.30E-06  4.83E-06  4.30E-06  3.46E-07
  4.40E-06  2.42E-06  9.36E-07  3.40E-06  3.69E-06  1.94E-06  5.29E-06  4.83E-06  4.30E-06  3.47E-07
  5.49E-06  2.42E-06  9.36E-07  3.40E-06  3.69E-06  1.95E-06  5.29E-06  4.83E-06  4.29E-06  3.47E-07
  6.85E-06  2.42E-06  9.36E-07  3.40E-06  3.69E-06  1.94E-06  5.29E-06  4.83E-06  4.29E-06  3.47E-07
  8.51E-06  2.41E-06  9.35E-07  3.39E-06  3.69E-06  1.94E-06  5.29E-06  4.82E-06  4.29E-06  3.47E-07
  1.06E-05  2.41E-06  9.35E-07  3.39E-06  3.69E-06  1.94E-06  5.29E-06  4.82E-06  4.29E-06  3.47E-07
  1.31E-05  2.41E-06  9.35E-07  3.39E-06  3.68E-06  1.94E-06  5.29E-06  4.82E-06  4.29E-06  3.47E-07
  1.62E-05  2.41E-06  9.34E-07  3.39E-06  3.68E-06  1.94E-06  5.28E-06  4.82E-06  4.28E-06  3.46E-07
  2.00E-05  2.41E-06  9.34E-07  3.39E-06  3.68E-06  1.94E-06  5.28E-06  4.82E-06  4.28E-06  3.46E-07
  2.47E-05  2.41E-06  9.33E-07  3.39E-06  3.68E-06  1.94E-06  5.28E-06  4.82E-06  4.28E-06  3.46E-07
  3.04E-05  2.41E-06  9.33E-07  3.39E-06  3.68E-06  1.94E-06  5.28E-06  4.81E-06  4.28E-06  3.46E-07
  3.73E-05  2.41E-06  9.33E-07  3.39E-06  3.68E-06  1.94E-06  5.28E-06  4.81E-06  4.28E-06  3.46E-07
  4.58E-05  2.41E-06  9.33E-07  3.39E-06  3.68E-06  1.94E-06  5.28E-06  4.81E-06  4.28E-06  3.46E-07
  5.60E-05  2.41E-06  9.33E-07  3.39E-06  3.68E-06  1.94E-06  5.28E-06  4.82E-06  4.28E-06  3.46E-07
  6.84E-05  2.41E-06  9.34E-07  3.39E-06  3.68E-06  1.94E-06  5.28E-06  4.82E-06  4.28E-06  3.46E-07
  8.35E-05  2.41E-06  9.34E-07  3.39E-06  3.68E-06  1.94E-06  5.28E-06  4.82E-06  4.28E-06  3.46E-07
  1.02E-04  2.41E-06  9.35E-07  3.39E-06  3.69E-06  1.94E-06  5.29E-06  4.82E-06  4.29E-06  3.46E-07
  1.24E-04  2.42E-06  9.36E-07  3.40E-06  3.69E-06  1.94E-06  5.29E-06  4.83E-06  4.29E-06  3.47E-07
  1.50E-04  2.42E-06  9.37E-07  3.40E-06  3.69E-06  1.95E-06  5.30E-06  4.83E-06  4.30E-06  3.47E-07
  1.81E-04  2.42E-06  9.38E-07  3.40E-06  3.70E-06  1.95E-06  5.31E-06  4.84E-06  4.30E-06  3.47E-07
  2.19E-04  2.42E-06  9.39E-07  3.41E-06  3.70E-06  1.95E-06  5.31E-06  4.85E-06  4.31E-06  3.47E-07
  2.65E-04  2.43E-06  9.40E-07  3.41E-06  3.71E-06  1.95E-06  5.32E-06  4.85E-06  4.31E-06  3.48E-07
  3.19E-04  2.43E-06  9.42E-07  3.42E-06  3.71E-06  1.96E-06  5.32E-06  4.86E-06  4.32E-06  3.48E-07
  3.83E-04  2.43E-06  9.43E-07  3.42E-06  3.72E-06  1.96E-06  5.33E-06  4.86E-06  4.32E-06  3.48E-07
  4.60E-04  2.44E-06  9.44E-07  3.42E-06  3.72E-06  1.96E-06  5.34E-06  4.87E-06  4.33E-06  3.48E-07
  5.51E-04  2.44E-06  9.45E-07  3.43E-06  3.72E-06  1.96E-06  5.34E-06  4.87E-06  4.33E-06  3.48E-07
  6.59E-04  2.44E-06  9.47E-07  3.43E-06  3.73E-06  1.97E-06  5.35E-06  4.88E-06  4.34E-06  3.49E-07
  7.87E-04  2.45E-06  9.48E-07  3.44E-06  3.73E-06  1.97E-06  5.36E-06  4.89E-06  4.34E-06  3.49E-07
  9.38E-04  2.45E-06  9.49E-07  3.44E-06  3.74E-06  1.97E-06  5.36E-06  4.89E-06  4.35E-06  3.49E-07
  1.12E-03  2.45E-06  9.50E-07  3.45E-06  3.74E-06  1.97E-06  5.37E-06  4.90E-06  4.35E-06  3.49E-07
  1.33E-03  2.46E-06  9.51E-07  3.45E-06  3.75E-06  1.97E-06  5.37E-06  4.90E-06  4.36E-06  3.49E-07
  1.57E-03  2.46E-06  9.53E-07  3.45E-06  3.75E-06  1.98E-06  5.38E-06  4.91E-06  4.36E-06  3.48E-07
  1.86E-03  2.47E-06  9.54E-07  3.46E-06  3.75E-06  1.98E-06  5.38E-06  4.91E-06  4.37E-06  3.48E-07
  2.20E-03  2.47E-06  9.55E-07  3.46E-06  3.76E-06  1.98E-06  5.39E-06  4.91E-06  4.37E-06  3.48E-07
  2.59E-03  2.47E-06  9.56E-07  3.47E-06  3.76E-06  1.98E-06  5.39E-06  4.92E-06  4.37E-06  3.48E-07
  3.05E-03  2.48E-06  9.57E-07  3.47E-06  3.77E-06  1.98E-06  5.40E-06  4.92E-06  4.38E-06  3.47E-07
  3.58E-03  2.48E-06  9.58E-07  3.47E-06  3.77E-06  1.99E-06  5.40E-06  4.93E-06  4.38E-06  3.47E-07
  4.20E-03  2.48E-06  9.60E-07  3.48E-06  3.77E-06  1.99E-06  5.41E-06  4.93E-06  4.38E-06  3.47E-07
  4.91E-03  2.49E-06  9.61E-07  3.48E-06  3.78E-06  1.99E-06  5.41E-06  4.93E-06  4.38E-06  3.46E-07
  5.74E-03  2.49E-06  9.62E-07  3.48E-06  3.78E-06  1.99E-06  5.41E-06  4.93E-06  4.39E-06  3.46E-07
  6.70E-03  2.50E-06  9.64E-07  3.49E-06  3.78E-06  1.99E-06  5.42E-06  4.94E-06  4.39E-06  3.46E-07
  7.80E-03  2.51E-06  9.65E-07  3.49E-06  3.79E-06  1.99E-06  5.42E-06  4.94E-06  4.39E-06  3.46E-07
  9.07E-03  2.51E-06  9.67E-07  3.50E-06  3.79E-06  1.99E-06  5.42E-06  4.94E-06  4.39E-06  3.45E-07
  1.05E-02  2.52E-06  9.68E-07  3.50E-06  3.79E-06  2.00E-06  5.42E-06  4.94E-06  4.39E-06  3.44E-07
  1.22E-02  2.53E-06  9.70E-07  3.51E-06  3.80E-06  2.00E-06  5.43E-06  4.94E-06  4.39E-06  3.42E-07
  1.41E-02  2.54E-06  9.73E-07  3.51E-06  3.80E-06  2.00E-06  5.43E-06  4.94E-06  4.39E-06  3.40E-07
  1.63E-02  2.55E-06  9.75E-07  3.52E-06  3.81E-06  2.00E-06  5.43E-06  4.94E-06  4.39E-06  3.38E-07
  1.87E-02  2.56E-06  9.78E-07  3.53E-06  3.81E-06  2.00E-06  5.44E-06  4.95E-06  4.39E-06  3.37E-07
  2.15E-02  2.57E-06  9.81E-07  3.53E-06  3.82E-06  2.00E-06  5.44E-06  4.95E-06  4.39E-06  3.35E-07
  2.47E-02  2.58E-06  9.84E-07  3.54E-06  3.82E-06  2.01E-06  5.44E-06  4.95E-06  4.40E-06  3.33E-07
  2.83E-02  2.60E-06  9.88E-07  3.55E-06  3.83E-06  2.01E-06  5.45E-06  4.95E-06  4.40E-06  3.32E-07
  3.24E-02  2.61E-06  9.92E-07  3.56E-06  3.84E-06  2.01E-06  5.45E-06  4.95E-06  4.40E-06  3.31E-07
  3.70E-02  2.63E-06  9.96E-07  3.58E-06  3.85E-06  2.02E-06  5.46E-06  4.96E-06  4.40E-06  3.29E-07
  4.22E-02  2.65E-06  1.00E-06  3.59E-06  3.86E-06  2.02E-06  5.46E-06  4.96E-06  4.40E-06  3.28E-07
  4.80E-02  2.67E-06  1.01E-06  3.60E-06  3.87E-06  2.02E-06  5.47E-06  4.96E-06  4.40E-06  3.27E-07
  5.45E-02  2.70E-06  1.01E-06  3.62E-06  3.88E-06  2.03E-06  5.48E-06  4.96E-06  4.40E-06  3.26E-07
  6.18E-02  2.72E-06  1.02E-06  3.64E-06  3.89E-06  2.03E-06  5.48E-06  4.97E-06  4.40E-06  3.25E-07
  6.99E-02  2.75E-06  1.03E-06  3.66E-06  3.90E-06  2.04E-06  5.49E-06  4.97E-06  4.40E-06  3.24E-07
  7.90E-02  2.78E-06  1.03E-06  3.68E-06  3.92E-06  2.04E-06  5.50E-06  4.97E-06  4.40E-06  3.23E-07
  8.90E-02  2.81E-06  1.04E-06  3.70E-06  3.93E-06  2.05E-06  5.51E-06  4.98E-06  4.41E-06  3.22E-07
  1.00E-01  2.84E-06  1.05E-06  3.72E-06  3.95E-06  2.06E-06  5.52E-06  4.98E-06  4.41E-06  3.20E-07
  1.13E-01  2.87E-06  1.06E-06  3.74E-06  3.97E-06  2.06E-06  5.53E-06  4.98E-06  4.41E-06  3.17E-07
  1.26E-01  2.91E-06  1.07E-06  3.77E-06  3.98E-06  2.07E-06  5.54E-06  4.99E-06  4.41E-06  3.15E-07
  1.41E-01  2.94E-06  1.08E-06  3.79E-06  4.00E-06  2.08E-06  5.55E-06  4.99E-06  4.41E-06  3.13E-07
  1.58E-01  2.97E-06  1.08E-06  3.82E-06  4.02E-06  2.08E-06  5.56E-06  4.99E-06  4.40E-06  3.11E-07
  1.76E-01  3.00E-06  1.09E-06  3.84E-06  4.04E-06  2.09E-06  5.57E-06  5.00E-06  4.40E-06  3.09E-07
  1.96E-01  3.03E-06  1.10E-06  3.87E-06  4.06E-06  2.10E-06  5.58E-06  5.00E-06  4.40E-06  3.07E-07
  2.18E-01  3.06E-06  1.11E-06  3.89E-06  4.08E-06  2.10E-06  5.59E-06  5.01E-06  4.40E-06  3.05E-07
  2.42E-01  3.08E-06  1.12E-06  3.91E-06  4.09E-06  2.11E-06  5.60E-06  5.01E-06  4.40E-06  3.04E-07
  2.68E-01  3.10E-06  1.13E-06  3.93E-06  4.11E-06  2.12E-06  5.61E-06  5.01E-06  4.40E-06  3.02E-07
  2.97E-01  3.11E-06  1.13E-06  3.95E-06  4.12E-06  2.12E-06  5.62E-06  5.01E-06  4.40E-06  3.01E-07
  3.27E-01  3.12E-06  1.13E-06  3.97E-06  4.13E-06  2.13E-06  5.63E-06  5.02E-06  4.40E-06  3.01E-07
  3.61E-01  3.12E-06  1.14E-06  3.97E-06  4.14E-06  2.13E-06  5.63E-06  5.02E-06  4.41E-06  3.02E-07
  3.97E-01  3.11E-06  1.14E-06  3.98E-06  4.15E-06  2.13E-06  5.64E-06  5.02E-06  4.42E-06  3.05E-07
  4.36E-01  3.09E-06  1.13E-06  3.97E-06  4.15E-06  2.13E-06  5.64E-06  5.02E-06  4.44E-06  3.15E-07
  4.77E-01  3.06E-06  1.13E-06  3.97E-06  4.14E-06  2.13E-06  5.63E-06  5.02E-06  4.52E-06  3.51E-07
  5.22E-01  3.03E-06  1.12E-06  3.95E-06  4.13E-06  2.13E-06  5.63E-06  5.02E-06  4.65E-06  4.06E-07
  5.70E-01  2.98E-06  1.11E-06  3.92E-06  4.11E-06  2.12E-06  5.62E-06  5.03E-06  5.01E-06  5.92E-07
  6.21E-01  2.92E-06  1.10E-06  3.89E-06  4.09E-06  2.11E-06  5.61E-06  5.07E-06  5.87E-06  1.07E-06
  6.76E-01  2.85E-06  1.08E-06  3.84E-06  4.06E-06  2.10E-06  5.59E-06  5.23E-06  7.89E-06  2.04E-06
  7.34E-01  2.77E-06  1.06E-06  3.78E-06  4.01E-06  2.08E-06  5.56E-06  5.59E-06  1.19E-05  3.87E-06
  7.96E-01  2.67E-06  1.03E-06  3.70E-06  3.95E-06  2.06E-06  5.52E-06  6.25E-06  1.89E-05  7.12E-06
  8.62E-01  2.56E-06  9.98E-07  3.61E-06  3.88E-06  2.03E-06  5.48E-06  7.63E-06  3.14E-05  1.27E-05
  9.31E-01  2.44E-06  9.61E-07  3.50E-06  3.80E-06  2.00E-06  5.42E-06  1.03E-05  5.28E-05  2.20E-05
  1.00E+00  2.30E-06  9.20E-07  3.38E-06  3.70E-06  1.95E-06  5.35E-06  1.45E-05  8.61E-05  3.65E-05
  1.08E+00  2.15E-06  8.74E-07  3.24E-06  3.58E-06  1.91E-06  5.26E-06  2.06E-05  1.36E-04  5.81E-05
  1.16E+00  1.99E-06  8.23E-07  3.08E-06  3.45E-06  1.85E-06  5.17E-06  2.94E-05  2.07E-04  8.95E-05
  1.25E+00  1.83E-06  7.67E-07  2.91E-06  3.31E-06  1.79E-06  5.06E-06  4.14E-05  3.07E-04  1.33E-04
  1.33E+00  1.65E-06  7.08E-07  2.72E-06  3.15E-06  1.72E-06  4.93E-06  5.73E-05  4.39E-04  1.92E-04
  1.43E+00  1.46E-06  6.44E-07  2.52E-06  2.97E-06  1.65E-06  4.79E-06  7.75E-05  6.10E-04  2.68E-04
  1.52E+00  1.26E-06  5.76E-07  2.30E-06  2.78E-06  1.56E-06  4.64E-06  1.02E-04  8.24E-04  3.64E-04
  1.62E+00  1.05E-06  5.04E-07  2.07E-06  2.57E-06  1.47E-06  4.47E-06  1.32E-04  1.08E-03  4.82E-04
  1.72E+00  8.39E-07  4.29E-07  1.82E-06  2.35E-06  1.38E-06  4.29E-06  1.64E-04  1.37E-03  6.12E-04
                 10        11        12        13        14        15        16        17        18
  7.00E-07  4.34E-07  1.97E-06  3.21E-07  1.29E-06  2.51E-07  8.63E-06  1.46E-07  6.36E-06  3.21E-07
  8.86E-07  4.40E-07  1.98E-06  3.11E-07  1.30E-06  2.47E-07  8.63E-06  1.47E-07  6.35E-06  3.22E-07
  1.12E-06  4.37E-07  1.97E-06  3.19E-07  1.28E-06  2.55E-07  8.63E-06  1.50E-07  6.34E-06  3.23E-07
  1.41E-06  4.35E-07  1.97E-06  3.19E-07  1.29E-06  2.50E-07  8.63E-06  1.51E-07  6.35E-06  3.18E-07
  1.78E-06  4.37E-07  1.98E-06  3.17E-07  1.29E-06  2.50E-07  8.62E-06  1.51E-07  6.34E-06  3.23E-07
  2.24E-06  4.37E-07  1.97E-06  3.19E-07  1.29E-06  2.53E-07  8.62E-06  1.49E-07  6.33E-06  3.20E-07
  2.81E-06  4.37E-07  1.97E-06  3.16E-07  1.29E-06  2.51E-07  8.60E-06  1.50E-07  6.32E-06  3.22E-07
  3.52E-06  4.37E-07  1.97E-06  3.17E-07  1.29E-06  2.51E-07  8.60E-06  1.48E-07  6.31E-06  3.21E-07
  4.40E-06  4.35E-07  1.97E-06  3.17E-07  1.29E-06  2.51E-07  8.59E-06  1.51E-07  6.29E-06  3.19E-07
  5.49E-06  4.36E-07  1.96E-06  3.18E-07  1.29E-06  2.51E-07  8.57E-06  1.49E-07  6.28E-06  3.19E-07
  6.85E-06  4.36E-07  1.97E-06  3.17E-07  1.28E-06  2.51E-07  8.56E-06  1.49E-07  6.26E-06  3.18E-07
  8.51E-06  4.36E-07  1.96E-06  3.17E-07  1.28E-06  2.51E-07  8.55E-06  1.49E-07  6.25E-06  3.17E-07
  1.06E-05  4.35E-07  1.96E-06  3.17E-07  1.28E-06  2.50E-07  8.54E-06  1.50E-07  6.23E-06  3.17E-07
  1.31E-05  4.35E-07  1.96E-06  3.17E-07  1.28E-06  2.51E-07  8.52E-06  1.49E-07  6.21E-06  3.16E-07
  1.62E-05  4.35E-07  1.96E-06  3.17E-07  1.28E-06  2.50E-07  8.51E-06  1.50E-07  6.20E-06  3.14E-07
  2.00E-05  4.35E-07  1.96E-06  3.17E-07  1.28E-06  2.50E-07  8.50E-06  1.49E-07  6.19E-06  3.14E-07
  2.47E-05  4.35E-07  1.96E-06  3.16E-07  1.28E-06  2.50E-07  8.49E-06  1.49E-07  6.17E-06  3.14E-07
  3.04E-05  4.35E-07  1.95E-06  3.16E-07  1.28E-06  2.50E-07  8.48E-06  1.49E-07  6.17E-06  3.13E-07
  3.73E-05  4.34E-07  1.95E-06  3.16E-07  1.28E-06  2.50E-07  8.48E-06  1.49E-07  6.16E-06  3.13E-07
  4.58E-05  4.34E-07  1.95E-06  3.16E-07  1.28E-06  2.50E-07  8.48E-06  1.49E-07  6.16E-06  3.13E-07
  5.60E-05  4.35E-07  1.95E-06  3.16E-07  1.28E-06  2.50E-07  8.48E-06  1.49E-07  6.17E-06  3.13E-07
  6.84E-05  4.35E-07  1.96E-06  3.16E-07  1.28E-06  2.50E-07  8.49E-06  1.49E-07  6.18E-06  3.14E-07
  8.35E-05  4.35E-07  1.96E-06  3.17E-07  1.28E-06  2.50E-07  8.51E-06  1.49E-07  6.21E-06  3.15E-07
  1.02E-04  4.35E-07  1.96E-06  3.17E-07  1.28E-06  2.51E-07  8.55E-06  1.49E-07  6.25E-06  3.17E-07
  1.24E-04  4.36E-07  1.96E-06  3.17E-07  1.29E-06  2.51E-07  8.59E-06  1.50E-07  6.31E-06  3.19E-07
  1.50E-04  4.36E-07  1.97E-06  3.18E-07  1.29E-06  2.51E-07  8.64E-06  1.50E-07  6.38E-06  3.22E-07
  1.81E-04  4.37E-07  1.97E-06  3.18E-07  1.30E-06  2.51E-07  8.70E-06  1.50E-07  6.45E-06  3.24E-07
  2.19E-04  4.37E-07  1.98E-06  3.18E-07  1.30E-06  2.52E-07  8.75E-06  1.50E-07  6.52E-06  3.27E-07
  2.65E-04  4.38E-07  1.98E-06  3.19E-07  1.30E-06  2.52E-07  8.81E-06  1.50E-07  6.59E-06  3.30E-07
  3.19E-04  4.38E-07  1.99E-06  3.19E-07  1.31E-06  2.52E-07  8.87E-06  1.51E-07  6.67E-06  3.33E-07
  3.83E-04  4.39E-07  1.99E-06  3.19E-07  1.31E-06  2.53E-07  8.93E-06  1.51E-07  6.75E-06  3.37E-07
  4.60E-04  4.39E-07  1.99E-06  3.20E-07  1.32E-06  2.53E-07  8.99E-06  1.51E-07  6.83E-06  3.40E-07
  5.51E-04  4.40E-07  2.00E-06  3.20E-07  1.32E-06  2.54E-07  9.06E-06  1.51E-07  6.91E-06  3.44E-07
  6.59E-04  4.40E-07  2.00E-06  3.21E-07  1.33E-06  2.54E-07  9.13E-06  1.52E-07  7.00E-06  3.48E-07
  7.87E-04  4.41E-07  2.01E-06  3.21E-07  1.33E-06  2.54E-07  9.19E-06  1.52E-07  7.08E-06  3.52E-07
  9.38E-04  4.41E-07  2.01E-06  3.21E-07  1.34E-06  2.54E-07  9.27E-06  1.52E-07  7.18E-06  3.56E-07
  1.12E-03  4.42E-07  2.02E-06  3.22E-07  1.34E-06  2.55E-07  9.38E-06  1.52E-07  7.34E-06  3.62E-07
  1.33E-03  4.42E-07  2.02E-06  3.22E-07  1.35E-06  2.55E-07  9.49E-06  1.52E-07  7.51E-06  3.69E-07
  1.57E-03  4.43E-07  2.02E-06  3.22E-07  1.36E-06  2.55E-07  9.61E-06  1.53E-07  7.67E-06  3.76E-07
  1.86E-03  4.43E-07  2.03E-06  3.23E-07  1.36E-06  2.55E-07  9.72E-06  1.53E-07  7.84E-06  3.84E-07
  2.20E-03  4.43E-07  2.03E-06  3.23E-07  1.37E-06  2.55E-07  9.83E-06  1.53E-07  8.00E-06  3.91E-07
  2.59E-03  4.44E-07  2.03E-06  3.23E-07  1.37E-06  2.55E-07  9.95E-06  1.53E-07  8.16E-06  3.99E-07
  3.05E-03  4.44E-07  2.03E-06  3.23E-07  1.38E-06  2.55E-07  1.01E-05  1.53E-07  8.32E-06  4.07E-07
  3.58E-03  4.44E-07  2.03E-06  3.24E-07  1.38E-06  2.55E-07  1.02E-05  1.53E-07  8.48E-06  4.15E-07
  4.20E-03  4.44E-07  2.04E-06  3.24E-07  1.38E-06  2.55E-07  1.03E-05  1.54E-07  8.64E-06  4.22E-07
  4.91E-03  4.44E-07  2.04E-06  3.24E-07  1.39E-06  2.55E-07  1.04E-05  1.54E-07  8.80E-06  4.30E-07
  5.74E-03  4.45E-07  2.04E-06  3.24E-07  1.39E-06  2.55E-07  1.05E-05  1.54E-07  8.96E-06  4.38E-07
  6.70E-03  4.45E-07  2.04E-06  3.24E-07  1.39E-06  2.55E-07  1.06E-05  1.54E-07  9.13E-06  4.46E-07
  7.80E-03  4.45E-07  2.04E-06  3.24E-07  1.40E-06  2.55E-07  1.08E-05  1.54E-07  9.30E-06  4.54E-07
  9.07E-03  4.45E-07  2.04E-06  3.24E-07  1.40E-06  2.55E-07  1.09E-05  1.54E-07  9.47E-06  4.62E-07
  1.05E-02  4.45E-07  2.02E-06  3.24E-07  1.40E-06  2.55E-07  1.10E-05  1.54E-07  9.62E-06  4.71E-07
  1.22E-02  4.45E-07  2.01E-06  3.24E-07  1.39E-06  2.54E-07  1.11E-05  1.54E-07  9.78E-06  4.81E-07
  1.41E-02  4.45E-07  2.00E-06  3.25E-07  1.39E-06  2.53E-07  1.12E-05  1.54E-07  9.94E-06  4.92E-07
  1.63E-02  4.45E-07  2.00E-06  3.25E-07  1.40E-06  2.52E-07  1.13E-05  1.54E-07  1.01E-05  5.05E-07
  1.87E-02  4.45E-07  2.00E-06  3.25E-07  1.40E-06  2.52E-07  1.14E-05  1.54E-07  1.03E-05  5.19E-07
  2.15E-02  4.45E-07  2.00E-06  3.25E-07  1.41E-06  2.51E-07  1.16E-05  1.54E-07  1.05E-05  5.36E-07
  2.47E-02  4.44E-07  2.00E-06  3.25E-07  1.41E-06  2.51E-07  1.17E-05  1.54E-07  1.07E-05  5.55E-07
  2.83E-02  4.45E-07  2.00E-06  3.25E-07  1.42E-06  2.50E-07  1.19E-05  1.54E-07  1.09E-05  5.76E-07
  3.24E-02  4.45E-07  2.01E-06  3.25E-07  1.43E-06  2.50E-07  1.21E-05  1.54E-07  1.12E-05  5.99E-07
  3.70E-02  4.45E-07  2.02E-06  3.25E-07  1.44E-06  2.50E-07  1.23E-05  1.54E-07  1.14E-05  6.24E-07
  4.22E-02  4.45E-07  2.02E-06  3.25E-07  1.45E-06  2.49E-07  1.25E-05  1.54E-07  1.17E-05  6.52E-07
  4.80E-02  4.45E-07  2.03E-06  3.25E-07  1.46E-06  2.49E-07  1.28E-05  1.54E-07  1.20E-05  6.81E-07
  5.45E-02  4.45E-07  2.05E-06  3.25E-07  1.48E-06  2.49E-07  1.31E-05  1.54E-07  1.23E-05  7.13E-07
  6.18E-02  4.45E-07  2.06E-06  3.25E-07  1.49E-06  2.48E-07  1.33E-05  1.54E-07  1.26E-05  7.46E-07
  6.99E-02  4.45E-07  2.08E-06  3.25E-07  1.50E-06  2.48E-07  1.36E-05  1.54E-07  1.30E-05  7.83E-07
  7.90E-02  4.45E-07  2.09E-06  3.25E-07  1.52E-06  2.48E-07  1.40E-05  1.54E-07  1.33E-05  8.22E-07
  8.90E-02  4.45E-07  2.11E-06  3.25E-07  1.54E-06  2.48E-07  1.44E-05  1.54E-07  1.37E-05  8.64E-07
  1.00E-01  4.46E-07  2.11E-06  3.26E-07  1.54E-06  2.47E-07  1.45E-05  1.54E-07  1.39E-05  8.82E-07
  1.13E-01  4.46E-07  2.09E-06  3.26E-07  1.52E-06  2.47E-07  1.44E-05  1.54E-07  1.38E-05  8.77E-07
  1.26E-01  4.46E-07  2.07E-06  3.26E-07  1.51E-06  2.46E-07  1.43E-05  1.54E-07  1.37E-05  8.73E-07
  1.41E-01  4.46E-07  2.05E-06  3.26E-07  1.49E-06  2.45E-07  1.43E-05  1.54E-07  1.36E-05  8.71E-07
  1.58E-01  4.46E-07  2.04E-06  3.26E-07  1.48E-06  2.44E-07  1.43E-05  1.53E-07  1.36E-05  8.69E-07
  1.76E-01  4.46E-07  2.03E-06  3.26E-07  1.47E-06  2.43E-07  1.43E-05  1.53E-07  1.36E-05  8.69E-07
  1.96E-01  4.46E-07  2.01E-06  3.26E-07  1.46E-06  2.43E-07  1.43E-05  1.53E-07  1.36E-05  8.69E-07
  2.18E-01  4.46E-07  2.00E-06  3.26E-07  1.46E-06  2.42E-07  1.43E-05  1.53E-07  1.36E-05  8.71E-07
  2.42E-01  4.46E-07  2.00E-06  3.26E-07  1.45E-06  2.42E-07  1.44E-05  1.53E-07  1.37E-05  8.74E-07
  2.68E-01  4.46E-07  1.99E-06  3.26E-07  1.44E-06  2.41E-07  1.45E-05  1.53E-07  1.38E-05  8.78E-07
  2.97E-01  4.47E-07  1.98E-06  3.26E-07  1.44E-06  2.40E-07  1.46E-05  1.53E-07  1.39E-05  8.83E-07
  3.27E-01  4.47E-07  2.01E-06  3.26E-07  1.47E-06  2.40E-07  1.51E-05  1.53E-07  1.43E-05  8.97E-07
  3.61E-01  4.47E-07  2.13E-06  3.26E-07  1.56E-06  2.42E-07  1.66E-05  1.53E-07  1.57E-05  9.33E-07
  3.97E-01  4.47E-07  2.33E-06  3.26E-07  1.72E-06  2.44E-07  1.90E-05  1.54E-07  1.79E-05  9.92E-07
  4.36E-01  4.47E-07  2.62E-06  3.26E-07  1.97E-06  2.48E-07  2.25E-05  1.54E-07  2.12E-05  1.08E-06
  4.77E-01  4.47E-07  3.52E-06  3.27E-07  2.67E-06  2.59E-07  3.18E-05  1.55E-07  2.98E-05  1.29E-06
  5.22E-01  4.48E-07  4.94E-06  3.27E-07  3.76E-06  2.89E-07  4.65E-05  1.56E-07  4.34E-05  1.63E-06
  5.70E-01  4.51E-07  8.42E-06  3.27E-07  6.51E-06  3.71E-07  8.26E-05  1.60E-07  7.69E-05  2.45E-06
  6.21E-01  4.67E-07  1.66E-05  3.29E-07  1.30E-05  5.64E-07  1.67E-04  1.74E-07  1.55E-04  4.37E-06
  6.76E-01  5.10E-07  3.24E-05  3.38E-07  2.54E-05  1.00E-06  3.29E-04  2.06E-07  3.05E-04  8.12E-06
  7.34E-01  6.54E-07  6.17E-05  3.61E-07  4.84E-05  1.82E-06  6.30E-04  2.87E-07  5.82E-04  1.51E-05
  7.96E-01  9.20E-07  1.14E-04  4.26E-07  8.94E-05  3.28E-06  1.17E-03  4.36E-07  1.08E-03  2.77E-05
  8.62E-01  1.50E-06  2.04E-04  5.61E-07  1.60E-04  5.87E-06  2.11E-03  7.01E-07  1.94E-03  4.98E-05
  9.31E-01  2.48E-06  3.53E-04  7.90E-07  2.78E-04  1.02E-05  3.68E-03  1.19E-06  3.38E-03  8.71E-05
  1.00E+00  4.05E-06  5.89E-04  1.23E-06  4.62E-04  1.70E-05  6.16E-03  1.96E-06  5.62E-03  1.46E-04
  1.08E+00  6.50E-06  9.43E-04  1.89E-06  7.39E-04  2.74E-05  9.90E-03  3.13E-06  8.96E-03  2.35E-04
  1.16E+00  1.01E-05  1.46E-03  2.90E-06  1.14E-03  4.25E-05  1.54E-02  4.84E-06  1.38E-02  3.66E-04
  1.25E+00  1.52E-05  2.18E-03  4.36E-06  1.71E-03  6.39E-05  2.31E-02  7.27E-06  2.05E-02  5.52E-04
  1.33E+00  2.22E-05  3.16E-03  6.38E-06  2.47E-03  9.29E-05  3.34E-02  1.06E-05  2.95E-02  8.05E-04
  1.43E+00  3.14E-05  4.43E-03  9.12E-06  3.46E-03  1.31E-04  4.69E-02  1.49E-05  4.10E-02  1.14E-03
  1.52E+00  4.30E-05  6.02E-03  1.26E-05  4.71E-03  1.79E-04  6.38E-02  2.05E-05  5.51E-02  1.56E-03
  1.62E+00  5.76E-05  8.00E-03  1.71E-05  6.26E-03  2.39E-04  8.48E-02  2.74E-05  7.23E-02  2.10E-03
  1.72E+00  7.38E-05  1.02E-02  2.22E-05  7.98E-03  3.06E-04  1.08E-01  3.53E-05  9.12E-02  2.69E-03
                 19        20        21        22        23        24        25        26        27
  7.00E-07  9.43E-05  3.59E-06  8.76E-06  2.98E-05  4.82E-05  5.64E-05  1.79E-03  1.95E-04  5.20E-04
  8.86E-07  9.43E-05  3.59E-06  8.76E-06  2.98E-05  4.82E-05  5.64E-05  1.79E-03  1.95E-04  5.20E-04
  1.12E-06  9.43E-05  3.58E-06  8.76E-06  2.98E-05  4.82E-05  5.63E-05  1.79E-03  1.95E-04  5.20E-04
  1.41E-06  9.43E-05  3.58E-06  8.76E-06  2.98E-05  4.82E-05  5.63E-05  1.79E-03  1.95E-04  5.19E-04
  1.78E-06  9.42E-05  3.57E-06  8.75E-06  2.97E-05  4.81E-05  5.62E-05  1.79E-03  1.94E-04  5.19E-04
  2.24E-06  9.41E-05  3.57E-06  8.75E-06  2.97E-05  4.80E-05  5.61E-05  1.79E-03  1.93E-04  5.18E-04
  2.81E-06  9.40E-05  3.56E-06  8.74E-06  2.96E-05  4.79E-05  5.59E-05  1.78E-03  1.92E-04  5.16E-04
  3.52E-06  9.38E-05  3.54E-06  8.74E-06  2.95E-05  4.78E-05  5.57E-05  1.78E-03  1.92E-04  5.15E-04
  4.40E-06  9.37E-05  3.53E-06  8.73E-06  2.94E-05  4.76E-05  5.55E-05  1.77E-03  1.90E-04  5.13E-04
  5.49E-06  9.35E-05  3.51E-06  8.72E-06  2.93E-05  4.74E-05  5.52E-05  1.77E-03  1.89E-04  5.11E-04
  6.85E-06  9.33E-05  3.50E-06  8.72E-06  2.92E-05  4.73E-05  5.49E-05  1.77E-03  1.88E-04  5.09E-04
  8.51E-06  9.31E-05  3.48E-06  8.71E-06  2.91E-05  4.71E-05  5.47E-05  1.76E-03  1.87E-04  5.07E-04
  1.06E-05  9.29E-05  3.47E-06  8.70E-06  2.90E-05  4.70E-05  5.44E-05  1.76E-03  1.86E-04  5.06E-04
  1.31E-05  9.28E-05  3.45E-06  8.69E-06  2.89E-05  4.68E-05  5.42E-05  1.75E-03  1.85E-04  5.04E-04
  1.62E-05  9.26E-05  3.44E-06  8.68E-06  2.88E-05  4.67E-05  5.40E-05  1.75E-03  1.84E-04  5.02E-04
  2.00E-05  9.25E-05  3.43E-06  8.68E-06  2.87E-05  4.66E-05  5.38E-05  1.75E-03  1.83E-04  5.01E-04
  2.47E-05  9.24E-05  3.42E-06  8.67E-06  2.87E-05  4.65E-05  5.36E-05  1.74E-03  1.83E-04  5.00E-04
  3.04E-05  9.23E-05  3.41E-06  8.67E-06  2.86E-05  4.65E-05  5.35E-05  1.74E-03  1.82E-04  4.99E-04
  3.73E-05  9.23E-05  3.41E-06  8.66E-06  2.86E-05  4.65E-05  5.35E-05  1.74E-03  1.82E-04  4.99E-04
  4.58E-05  9.23E-05  3.41E-06  8.66E-06  2.86E-05  4.65E-05  5.35E-05  1.74E-03  1.83E-04  4.99E-04
  5.60E-05  9.24E-05  3.41E-06  8.66E-06  2.87E-05  4.66E-05  5.36E-05  1.75E-03  1.84E-04  5.00E-04
  6.84E-05  9.26E-05  3.43E-06  8.67E-06  2.88E-05  4.68E-05  5.39E-05  1.75E-03  1.85E-04  5.02E-04
  8.35E-05  9.29E-05  3.45E-06  8.68E-06  2.90E-05  4.71E-05  5.43E-05  1.76E-03  1.88E-04  5.05E-04
  1.02E-04  9.34E-05  3.50E-06  8.70E-06  2.93E-05  4.76E-05  5.50E-05  1.77E-03  1.92E-04  5.11E-04
  1.24E-04  9.40E-05  3.56E-06  8.71E-06  2.98E-05  4.83E-05  5.59E-05  1.80E-03  1.98E-04  5.19E-04
  1.50E-04  9.47E-05  3.63E-06  8.74E-06  3.04E-05  4.91E-05  5.70E-05  1.82E-03  2.04E-04  5.28E-04
  1.81E-04  9.55E-05  3.70E-06  8.76E-06  3.10E-05  4.99E-05  5.81E-05  1.84E-03  2.11E-04  5.37E-04
  2.19E-04  9.63E-05  3.77E-06  8.78E-06  3.16E-05  5.08E-05  5.93E-05  1.87E-03  2.18E-04  5.46E-04
  2.65E-04  9.71E-05  3.85E-06  8.81E-06  3.22E-05  5.17E-05  6.05E-05  1.90E-03  2.25E-04  5.56E-04
  3.19E-04  9.80E-05  3.94E-06  8.84E-06  3.28E-05  5.26E-05  6.18E-05  1.92E-03  2.33E-04  5.66E-04
  3.83E-04  9.88E-05  4.02E-06  8.87E-06  3.35E-05  5.35E-05  6.31E-05  1.95E-03  2.42E-04  5.77E-04
  4.60E-04  9.98E-05  4.11E-06  8.90E-06  3.42E-05  5.44E-05  6.45E-05  1.98E-03  2.50E-04  5.87E-04
  5.51E-04  1.01E-04  4.20E-06  8.93E-06  3.49E-05  5.54E-05  6.59E-05  2.01E-03  2.59E-04  5.98E-04
  6.59E-04  1.02E-04  4.30E-06  8.96E-06  3.56E-05  5.64E-05  6.73E-05  2.04E-03  2.68E-04  6.10E-04
  7.87E-04  1.03E-04  4.39E-06  8.99E-06  3.64E-05  5.74E-05  6.88E-05  2.07E-03  2.78E-04  6.21E-04
  9.38E-04  1.04E-04  4.51E-06  9.03E-06  3.73E-05  5.86E-05  7.05E-05  2.11E-03  2.90E-04  6.34E-04
  1.12E-03  1.05E-04  4.72E-06  9.06E-06  3.91E-05  6.09E-05  7.36E-05  2.17E-03  3.14E-04  6.58E-04
  1.33E-03  1.07E-04  4.93E-06  9.08E-06  4.10E-05  6.33E-05  7.67E-05  2.23E-03  3.40E-04  6.82E-04
  1.57E-03  1.09E-04  5.14E-06  9.12E-06  4.29E-05  6.57E-05  7.99E-05  2.29E-03  3.67E-04  7.07E-04
  1.86E-03  1.11E-04  5.36E-06  9.15E-06  4.48E-05  6.81E-05  8.30E-05  2.35E-03  3.94E-04  7.31E-04
  2.20E-03  1.12E-04  5.58E-06  9.18E-06  4.68E-05  7.05E-05  8.62E-05  2.41E-03  4.23E-04  7.55E-04
  2.59E-03  1.14E-04  5.80E-06  9.21E-06  4.87E-05  7.30E-05  8.93E-05  2.47E-03  4.52E-04  7.79E-04
  3.05E-03  1.16E-04  6.02E-06  9.25E-06  5.06E-05  7.54E-05  9.23E-05  2.53E-03  4.82E-04  8.03E-04
  3.58E-03  1.18E-04  6.24E-06  9.29E-06  5.26E-05  7.79E-05  9.54E-05  2.59E-03  5.12E-04  8.26E-04
  4.20E-03  1.19E-04  6.47E-06  9.33E-06  5.46E-05  8.04E-05  9.84E-05  2.66E-03  5.44E-04  8.50E-04
  4.91E-03  1.21E-04  6.69E-06  9.37E-06  5.66E-05  8.30E-05  1.01E-04  2.72E-03  5.75E-04  8.74E-04
  5.74E-03  1.23E-04  6.92E-06  9.41E-06  5.86E-05  8.56E-05  1.04E-04  2.79E-03  6.08E-04  8.98E-04
  6.70E-03  1.25E-04  7.15E-06  9.45E-06  6.07E-05  8.82E-05  1.07E-04  2.86E-03  6.42E-04  9.22E-04
  7.80E-03  1.27E-04  7.39E-06  9.50E-06  6.28E-05  9.08E-05  1.10E-04  2.93E-03  6.76E-04  9.47E-04
  9.07E-03  1.29E-04  7.63E-06  9.55E-06  6.50E-05  9.35E-05  1.13E-04  3.00E-03  7.11E-04  9.72E-04
  1.05E-02  1.30E-04  7.84E-06  9.52E-06  6.73E-05  9.49E-05  1.19E-04  3.03E-03  7.60E-04  1.01E-03
  1.22E-02  1.32E-04  8.06E-06  9.49E-06  6.97E-05  9.61E-05  1.25E-04  3.05E-03  8.16E-04  1.04E-03
  1.41E-02  1.33E-04  8.29E-06  9.48E-06  7.21E-05  9.74E-05  1.32E-04  3.08E-03  8.76E-04  1.08E-03
  1.63E-02  1.35E-04  8.52E-06  9.48E-06  7.47E-05  9.88E-05  1.39E-04  3.11E-03  9.40E-04  1.12E-03
  1.87E-02  1.37E-04  8.77E-06  9.50E-06  7.74E-05  1.00E-04  1.46E-04  3.15E-03  1.01E-03  1.17E-03
  2.15E-02  1.39E-04  9.02E-06  9.54E-06  8.02E-05  1.02E-04  1.54E-04  3.19E-03  1.08E-03  1.21E-03
  2.47E-02  1.41E-04  9.29E-06  9.59E-06  8.31E-05  1.04E-04  1.62E-04  3.24E-03  1.16E-03  1.26E-03
  2.83E-02  1.44E-04  9.58E-06  9.67E-06  8.62E-05  1.06E-04  1.70E-04  3.29E-03  1.25E-03  1.31E-03
  3.24E-02  1.46E-04  9.87E-06  9.76E-06  8.93E-05  1.08E-04  1.79E-04  3.35E-03  1.34E-03  1.36E-03
  3.70E-02  1.49E-04  1.02E-05  9.88E-06  9.26E-05  1.10E-04  1.88E-04  3.41E-03  1.44E-03  1.42E-03
  4.22E-02  1.52E-04  1.05E-05  1.00E-05  9.60E-05  1.13E-04  1.97E-04  3.49E-03  1.54E-03  1.47E-03
  4.80E-02  1.55E-04  1.09E-05  1.02E-05  9.96E-05  1.15E-04  2.07E-04  3.56E-03  1.65E-03  1.53E-03
  5.45E-02  1.59E-04  1.12E-05  1.04E-05  1.03E-04  1.18E-04  2.17E-04  3.65E-03  1.77E-03  1.60E-03
  6.18E-02  1.63E-04  1.16E-05  1.06E-05  1.07E-04  1.21E-04  2.28E-04  3.74E-03  1.89E-03  1.66E-03
  6.99E-02  1.67E-04  1.20E-05  1.08E-05  1.11E-04  1.25E-04  2.39E-04  3.84E-03  2.02E-03  1.73E-03
  7.90E-02  1.71E-04  1.24E-05  1.10E-05  1.15E-04  1.28E-04  2.51E-04  3.95E-03  2.15E-03  1.80E-03
  8.90E-02  1.76E-04  1.29E-05  1.13E-05  1.20E-04  1.32E-04  2.63E-04  4.07E-03  2.29E-03  1.88E-03
  1.00E-01  1.77E-04  1.30E-05  1.13E-05  1.21E-04  1.33E-04  2.65E-04  4.09E-03  2.36E-03  1.89E-03
  1.13E-01  1.75E-04  1.28E-05  1.11E-05  1.19E-04  1.31E-04  2.60E-04  4.03E-03  2.34E-03  1.84E-03
  1.26E-01  1.73E-04  1.27E-05  1.09E-05  1.18E-04  1.30E-04  2.55E-04  3.97E-03  2.34E-03  1.79E-03
  1.41E-01  1.72E-04  1.26E-05  1.07E-05  1.16E-04  1.29E-04  2.51E-04  3.93E-03  2.33E-03  1.76E-03
  1.58E-01  1.71E-04  1.26E-05  1.06E-05  1.15E-04  1.28E-04  2.47E-04  3.89E-03  2.33E-03  1.73E-03
  1.76E-01  1.70E-04  1.25E-05  1.05E-05  1.15E-04  1.28E-04  2.45E-04  3.86E-03  2.33E-03  1.71E-03
  1.96E-01  1.69E-04  1.25E-05  1.04E-05  1.14E-04  1.28E-04  2.43E-04  3.84E-03  2.33E-03  1.69E-03
  2.18E-01  1.69E-04  1.25E-05  1.03E-05  1.14E-04  1.28E-04  2.41E-04  3.83E-03  2.34E-03  1.68E-03
  2.42E-01  1.69E-04  1.26E-05  1.03E-05  1.14E-04  1.28E-04  2.40E-04  3.82E-03  2.35E-03  1.67E-03
  2.68E-01  1.69E-04  1.26E-05  1.03E-05  1.14E-04  1.28E-04  2.40E-04  3.82E-03  2.37E-03  1.68E-03
  2.97E-01  1.70E-04  1.27E-05  1.03E-05  1.15E-04  1.29E-04  2.41E-04  3.84E-03  2.38E-03  1.68E-03
  3.27E-01  1.75E-04  1.31E-05  1.03E-05  1.18E-04  1.33E-04  2.42E-04  3.95E-03  2.41E-03  1.69E-03
  3.61E-01  1.91E-04  1.44E-05  1.04E-05  1.30E-04  1.46E-04  2.43E-04  4.32E-03  2.45E-03  1.71E-03
  3.97E-01  2.17E-04  1.64E-05  1.04E-05  1.48E-04  1.66E-04  2.46E-04  4.91E-03  2.52E-03  1.73E-03
  4.36E-01  2.55E-04  1.94E-05  1.05E-05  1.74E-04  1.96E-04  2.49E-04  5.78E-03  2.60E-03  1.75E-03
  4.77E-01  3.59E-04  2.75E-05  1.07E-05  2.46E-04  2.77E-04  2.54E-04  8.10E-03  2.78E-03  1.78E-03
  5.22E-01  5.22E-04  4.04E-05  1.08E-05  3.59E-04  4.05E-04  2.61E-04  1.17E-02  3.05E-03  1.82E-03
  5.70E-01  9.24E-04  7.22E-05  1.10E-05  6.36E-04  7.19E-04  2.74E-04  2.06E-02  3.66E-03  1.85E-03
  6.21E-01  1.86E-03  1.47E-04  1.13E-05  1.28E-03  1.45E-03  2.99E-04  4.04E-02  5.03E-03  1.90E-03
  6.76E-01  3.65E-03  2.93E-04  1.17E-05  2.52E-03  2.85E-03  3.43E-04  7.59E-02  7.61E-03  1.94E-03
  7.34E-01  6.93E-03  5.65E-04  1.23E-05  4.78E-03  5.43E-03  4.25E-04  1.33E-01  1.23E-02  1.99E-03
  7.96E-01  1.28E-02  1.06E-03  1.32E-05  8.76E-03  9.98E-03  5.71E-04  2.14E-01  2.03E-02  2.05E-03
  8.62E-01  2.26E-02  1.92E-03  1.47E-05  1.54E-02  1.76E-02  8.29E-04  3.11E-01  3.36E-02  2.11E-03
  9.31E-01  3.86E-02  3.37E-03  1.72E-05  2.58E-02  2.97E-02  1.27E-03  4.03E-01  5.38E-02  2.18E-03
  1.00E+00  6.22E-02  5.66E-03  2.10E-05  4.02E-02  4.69E-02  1.97E-03  4.58E-01  8.10E-02  2.23E-03
  1.08E+00  9.44E-02  9.09E-03  2.70E-05  5.79E-02  6.91E-02  3.05E-03  4.67E-01  1.13E-01  2.28E-03
  1.16E+00  1.35E-01  1.41E-02  3.60E-05  7.71E-02  9.51E-02  4.66E-03  4.47E-01  1.47E-01  2.38E-03
  1.25E+00  1.82E-01  2.10E-02  4.93E-05  9.48E-02  1.22E-01  6.96E-03  4.05E-01  1.77E-01  2.53E-03
  1.33E+00  2.31E-01  3.02E-02  6.83E-05  1.08E-01  1.49E-01  1.01E-02  3.51E-01  1.98E-01  2.77E-03
  1.43E+00  2.77E-01  4.18E-02  9.43E-05  1.15E-01  1.71E-01  1.43E-02  3.11E-01  2.06E-01  3.12E-03
  1.52E+00  3.20E-01  5.58E-02  1.29E-04  1.15E-01  1.90E-01  1.97E-02  2.67E-01  2.03E-01  3.65E-03
  1.62E+00  3.63E-01  7.26E-02  1.74E-04  1.11E-01  2.07E-01  2.64E-02  1.96E-01  1.97E-01  4.41E-03
  1.72E+00  4.10E-01  9.10E-02  2.27E-04  1.08E-01  2.29E-01  3.40E-02  1.23E-01  2.00E-01  5.38E-03
                 28        29        30        31        32        33        34        35        36
  7.00E-07  1.75E-04  3.29E-03  2.36E-04  3.83E-07  2.00E-03  1.26E-01  4.42E-05  9.97E-07  1.30E-10
  8.86E-07  1.74E-04  3.29E-03  2.36E-04  3.88E-07  2.00E-03  1.26E-01  4.42E-05  9.98E-07  4.14E-10
  1.12E-06  1.74E-04  3.28E-03  2.35E-04  3.84E-07  2.00E-03  1.25E-01  4.41E-05  9.97E-07  1.17E-09
  1.41E-06  1.74E-04  3.28E-03  2.35E-04  3.84E-07  1.99E-03  1.25E-01  4.41E-05  9.94E-07  4.91E-10
  1.78E-06  1.74E-04  3.27E-03  2.34E-04  3.83E-07  1.99E-03  1.25E-01  4.40E-05  9.92E-07  9.84E-11
  2.24E-06  1.73E-04  3.26E-03  2.32E-04  3.80E-07  1.99E-03  1.24E-01  4.39E-05  9.87E-07  1.64E-10
  2.81E-06  1.72E-04  3.24E-03  2.30E-04  3.77E-07  1.98E-03  1.23E-01  4.36E-05  9.79E-07  7.13E-10
  3.52E-06  1.72E-04  3.22E-03  2.28E-04  3.74E-07  1.98E-03  1.23E-01  4.34E-05  9.73E-07  5.11E-10
  4.40E-06  1.71E-04  3.20E-03  2.26E-04  3.70E-07  1.97E-03  1.22E-01  4.32E-05  9.65E-07  4.73E-10
  5.49E-06  1.70E-04  3.17E-03  2.23E-04  3.66E-07  1.96E-03  1.21E-01  4.30E-05  9.56E-07  4.31E-10
  6.85E-06  1.68E-04  3.14E-03  2.20E-04  3.61E-07  1.95E-03  1.20E-01  4.27E-05  9.47E-07  4.76E-10
  8.51E-06  1.67E-04  3.12E-03  2.17E-04  3.57E-07  1.95E-03  1.18E-01  4.24E-05  9.38E-07  4.72E-10
  1.06E-05  1.67E-04  3.10E-03  2.15E-04  3.56E-07  1.94E-03  1.18E-01  4.23E-05  9.51E-07  5.55E-10
  1.31E-05  1.66E-04  3.09E-03  2.13E-04  3.55E-07  1.94E-03  1.17E-01  4.22E-05  9.72E-07  6.38E-10
  1.62E-05  1.66E-04  3.08E-03  2.12E-04  3.55E-07  1.94E-03  1.17E-01  4.20E-05  9.93E-07  8.40E-10
  2.00E-05  1.66E-04  3.08E-03  2.10E-04  3.55E-07  1.94E-03  1.17E-01  4.20E-05  1.02E-06  9.83E-10
  2.47E-05  1.66E-04  3.07E-03  2.10E-04  3.56E-07  1.94E-03  1.16E-01  4.19E-05  1.04E-06  1.22E-09
  3.04E-05  1.66E-04  3.07E-03  2.09E-04  3.58E-07  1.94E-03  1.16E-01  4.19E-05  1.07E-06  1.48E-09
  3.73E-05  1.67E-04  3.08E-03  2.09E-04  3.60E-07  1.94E-03  1.16E-01  4.20E-05  1.10E-06  1.80E-09
  4.58E-05  1.67E-04  3.10E-03  2.11E-04  3.65E-07  1.95E-03  1.17E-01  4.22E-05  1.13E-06  2.21E-09
  5.60E-05  1.69E-04  3.13E-03  2.13E-04  3.71E-07  1.96E-03  1.18E-01  4.25E-05  1.17E-06  2.68E-09
  6.84E-05  1.70E-04  3.16E-03  2.16E-04  3.79E-07  1.97E-03  1.19E-01  4.29E-05  1.22E-06  3.28E-09
  8.35E-05  1.73E-04  3.22E-03  2.22E-04  3.90E-07  1.99E-03  1.21E-01  4.34E-05  1.27E-06  3.96E-09
  1.02E-04  1.79E-04  3.34E-03  2.32E-04  4.16E-07  2.04E-03  1.26E-01  4.46E-05  1.38E-06  4.79E-09
  1.24E-04  1.89E-04  3.52E-03  2.48E-04  4.55E-07  2.11E-03  1.33E-01  4.63E-05  1.53E-06  5.78E-09
  1.50E-04  1.99E-04  3.72E-03  2.65E-04  4.99E-07  2.18E-03  1.41E-01  4.81E-05  1.71E-06  6.95E-09
  1.81E-04  2.09E-04  3.92E-03  2.84E-04  5.48E-07  2.25E-03  1.50E-01  5.01E-05  1.90E-06  8.34E-09
  2.19E-04  2.21E-04  4.14E-03  3.04E-04  6.01E-07  2.33E-03  1.58E-01  5.21E-05  2.10E-06  9.99E-09
  2.65E-04  2.32E-04  4.37E-03  3.25E-04  6.60E-07  2.41E-03  1.66E-01  5.42E-05  2.33E-06  1.19E-08
  3.19E-04  2.45E-04  4.61E-03  3.48E-04  7.23E-07  2.50E-03  1.74E-01  5.63E-05  2.57E-06  1.43E-08
  3.83E-04  2.57E-04  4.86E-03  3.72E-04  7.92E-07  2.58E-03  1.82E-01  5.86E-05  2.83E-06  1.70E-08
  4.60E-04  2.70E-04  5.11E-03  3.97E-04  8.66E-07  2.67E-03  1.89E-01  6.09E-05  3.10E-06  2.02E-08
  5.51E-04  2.84E-04  5.38E-03  4.24E-04  9.47E-07  2.76E-03  1.95E-01  6.34E-05  3.40E-06  2.39E-08
  6.59E-04  2.98E-04  5.65E-03  4.52E-04  1.03E-06  2.85E-03  1.99E-01  6.59E-05  3.71E-06  2.83E-08
  7.87E-04  3.13E-04  5.92E-03  4.81E-04  1.13E-06  2.95E-03  2.02E-01  6.84E-05  4.04E-06  3.35E-08
  9.38E-04  3.29E-04  6.25E-03  5.16E-04  1.23E-06  3.07E-03  2.05E-01  7.13E-05  4.39E-06  3.95E-08
  1.12E-03  3.61E-04  6.92E-03  5.84E-04  1.39E-06  3.35E-03  2.14E-01  7.55E-05  4.85E-06  4.65E-08
  1.33E-03  3.95E-04  7.62E-03  6.57E-04  1.57E-06  3.65E-03  2.19E-01  7.99E-05  5.35E-06  5.47E-08
  1.57E-03  4.31E-04  8.37E-03  7.36E-04  1.77E-06  3.97E-03  2.18E-01  8.44E-05  5.90E-06  6.42E-08
  1.86E-03  4.68E-04  9.16E-03  8.21E-04  1.99E-06  4.31E-03  2.11E-01  8.90E-05  6.48E-06  7.53E-08
  2.20E-03  5.08E-04  9.99E-03  9.10E-04  2.22E-06  4.67E-03  1.97E-01  9.38E-05  7.11E-06  8.81E-08
  2.59E-03  5.50E-04  1.08E-02  1.00E-03  2.48E-06  5.05E-03  1.77E-01  9.87E-05  7.79E-06  1.03E-07
  3.05E-03  5.95E-04  1.17E-02  1.10E-03  2.75E-06  5.46E-03  1.53E-01  1.04E-04  8.51E-06  1.20E-07
  3.58E-03  6.41E-04  1.27E-02  1.20E-03  3.05E-06  5.88E-03  1.30E-01  1.09E-04  9.30E-06  1.40E-07
  4.20E-03  6.90E-04  1.36E-02  1.31E-03  3.37E-06  6.31E-03  1.09E-01  1.14E-04  1.01E-05  1.63E-07
  4.91E-03  7.41E-04  1.46E-02  1.42E-03  3.72E-06  6.77E-03  9.49E-02  1.20E-04  1.10E-05  1.90E-07
  5.74E-03  7.95E-04  1.55E-02  1.54E-03  4.09E-06  7.24E-03  8.77E-02  1.26E-04  1.20E-05  2.21E-07
  6.70E-03  8.51E-04  1.65E-02  1.66E-03  4.49E-06  7.73E-03  8.70E-02  1.32E-04  1.30E-05  2.56E-07
  7.80E-03  9.11E-04  1.75E-02  1.78E-03  4.91E-06  8.23E-03  9.06E-02  1.39E-04  1.42E-05  2.97E-07
  9.07E-03  9.74E-04  1.85E-02  1.91E-03  5.37E-06  8.73E-03  9.65E-02  1.45E-04  1.53E-05  3.44E-07
  1.05E-02  1.02E-03  1.92E-02  2.08E-03  5.72E-06  8.73E-03  1.03E-01  1.47E-04  1.58E-05  3.97E-07
  1.22E-02  1.06E-03  1.98E-02  2.26E-03  6.06E-06  8.64E-03  1.08E-01  1.48E-04  1.61E-05  4.59E-07
  1.41E-02  1.10E-03  2.03E-02  2.45E-03  6.43E-06  8.56E-03  1.12E-01  1.49E-04  1.64E-05  5.28E-07
  1.63E-02  1.15E-03  2.08E-02  2.66E-03  6.81E-06  8.49E-03  1.15E-01  1.51E-04  1.68E-05  6.08E-07
  1.87E-02  1.20E-03  2.13E-02  2.88E-03  7.21E-06  8.42E-03  1.16E-01  1.53E-04  1.72E-05  6.99E-07
  2.15E-02  1.25E-03  2.16E-02  3.11E-03  7.64E-06  8.37E-03  1.15E-01  1.55E-04  1.77E-05  8.01E-07
  2.47E-02  1.30E-03  2.18E-02  3.35E-03  8.09E-06  8.32E-03  1.13E-01  1.58E-04  1.82E-05  9.17E-07
  2.83E-02  1.35E-03  2.19E-02  3.61E-03  8.58E-06  8.29E-03  1.11E-01  1.61E-04  1.88E-05  1.05E-06
  3.24E-02  1.41E-03  2.19E-02  3.87E-03  9.10E-06  8.26E-03  1.09E-01  1.64E-04  1.94E-05  1.19E-06
  3.70E-02  1.47E-03  2.18E-02  4.14E-03  9.65E-06  8.25E-03  1.07E-01  1.68E-04  2.00E-05  1.36E-06
  4.22E-02  1.53E-03  2.15E-02  4.42E-03  1.02E-05  8.26E-03  1.07E-01  1.72E-04  2.08E-05  1.54E-06
  4.80E-02  1.60E-03  2.11E-02  4.70E-03  1.09E-05  8.28E-03  1.08E-01  1.77E-04  2.16E-05  1.75E-06
  5.45E-02  1.66E-03  2.06E-02  4.97E-03  1.15E-05  8.31E-03  1.09E-01  1.82E-04  2.24E-05  1.98E-06
  6.18E-02  1.74E-03  2.01E-02  5.24E-03  1.23E-05  8.37E-03  1.10E-01  1.88E-04  2.33E-05  2.23E-06
  6.99E-02  1.81E-03  1.96E-02  5.50E-03  1.30E-05  8.44E-03  1.10E-01  1.95E-04  2.44E-05  2.51E-06
  7.90E-02  1.89E-03  1.91E-02  5.74E-03  1.38E-05  8.53E-03  1.11E-01  2.02E-04  2.55E-05  2.83E-06
  8.90E-02  1.97E-03  1.86E-02  5.95E-03  1.47E-05  8.65E-03  1.11E-01  2.09E-04  2.66E-05  3.18E-06
  1.00E-01  1.99E-03  1.79E-02  5.89E-03  1.52E-05  8.54E-03  1.09E-01  2.11E-04  2.70E-05  3.56E-06
  1.13E-01  1.95E-03  1.69E-02  5.62E-03  1.52E-05  8.25E-03  1.04E-01  2.07E-04  2.66E-05  3.98E-06
  1.26E-01  1.92E-03  1.63E-02  5.38E-03  1.53E-05  8.01E-03  9.87E-02  2.04E-04  2.62E-05  4.44E-06
  1.41E-01  1.89E-03  1.60E-02  5.18E-03  1.55E-05  7.81E-03  9.18E-02  2.01E-04  2.59E-05  4.95E-06
  1.58E-01  1.87E-03  1.58E-02  5.01E-03  1.56E-05  7.65E-03  8.38E-02  1.99E-04  2.57E-05  5.51E-06
  1.76E-01  1.85E-03  1.57E-02  4.88E-03  1.58E-05  7.52E-03  7.53E-02  1.98E-04  2.56E-05  6.11E-06
  1.96E-01  1.83E-03  1.58E-02  4.78E-03  1.60E-05  7.42E-03  6.69E-02  1.97E-04  2.55E-05  6.78E-06
  2.18E-01  1.82E-03  1.58E-02  4.70E-03  1.62E-05  7.35E-03  5.92E-02  1.96E-04  2.54E-05  7.50E-06
  2.42E-01  1.82E-03  1.59E-02  4.66E-03  1.64E-05  7.30E-03  5.29E-02  1.96E-04  2.54E-05  8.28E-06
  2.68E-01  1.81E-03  1.61E-02  4.65E-03  1.67E-05  7.27E-03  4.82E-02  1.96E-04  2.55E-05  9.12E-06
  2.97E-01  1.81E-03  1.62E-02  4.66E-03  1.70E-05  7.27E-03  4.50E-02  1.97E-04  2.57E-05  1.00E-05
  3.27E-01  1.86E-03  1.64E-02  4.69E-03  1.78E-05  7.46E-03  4.30E-02  2.02E-04  2.66E-05  1.10E-05
  3.61E-01  2.03E-03  1.67E-02  4.75E-03  1.97E-05  8.10E-03  4.21E-02  2.18E-04  2.92E-05  1.21E-05
  3.97E-01  2.31E-03  1.70E-02  4.82E-03  2.27E-05  9.14E-03  4.14E-02  2.42E-04  3.33E-05  1.32E-05
  4.36E-01  2.72E-03  1.75E-02  4.91E-03  2.70E-05  1.06E-02  4.09E-02  2.78E-04  3.95E-05  1.44E-05
  4.77E-01  3.80E-03  1.85E-02  5.04E-03  3.89E-05  1.46E-02  4.18E-02  3.74E-04  5.62E-05  1.56E-05
  5.22E-01  5.49E-03  2.01E-02  5.18E-03  5.79E-05  2.04E-02  4.32E-02  5.25E-04  8.28E-05  1.69E-05
  5.70E-01  9.56E-03  2.37E-02  5.35E-03  1.06E-04  3.36E-02  4.86E-02  8.98E-04  1.49E-04  1.82E-05
  6.21E-01  1.85E-02  3.17E-02  5.55E-03  2.24E-04  5.87E-02  5.99E-02  1.77E-03  3.07E-04  1.95E-05
  6.76E-01  3.39E-02  4.55E-02  5.76E-03  4.61E-04  9.07E-02  7.25E-02  3.44E-03  6.16E-04  2.11E-05
  7.34E-01  5.67E-02  6.68E-02  5.99E-03  9.19E-04  1.18E-01  8.02E-02  6.53E-03  1.19E-03  2.31E-05
  7.96E-01  8.51E-02  9.46E-02  6.24E-03  1.77E-03  1.28E-01  8.03E-02  1.19E-02  2.23E-03  2.63E-05
  8.62E-01  1.14E-01  1.24E-01  6.55E-03  3.28E-03  1.20E-01  7.84E-02  2.08E-02  3.99E-03  3.17E-05
  9.31E-01  1.36E-01  1.46E-01  6.92E-03  5.82E-03  9.97E-02  7.06E-02  3.41E-02  6.77E-03  4.18E-05
  1.00E+00  1.42E-01  1.51E-01  7.27E-03  9.66E-03  8.75E-02  5.56E-02  5.12E-02  1.06E-02  6.13E-05
  1.08E+00  1.22E-01  1.42E-01  7.67E-03  1.49E-02  8.58E-02  4.37E-02  6.92E-02  1.52E-02  9.89E-05
  1.16E+00  8.90E-02  1.33E-01  8.30E-03  2.15E-02  6.73E-02  3.02E-02  8.45E-02  1.99E-02  1.70E-04
  1.25E+00  7.73E-02  1.16E-01  9.23E-03  2.90E-02  3.99E-02  1.91E-02  9.31E-02  2.40E-02  2.98E-04
  1.33E+00  9.39E-02  8.83E-02  1.05E-02  3.73E-02  2.01E-02  1.28E-02  9.31E-02  2.67E-02  5.19E-04
  1.43E+00  1.18E-01  7.12E-02  1.23E-02  4.59E-02  7.89E-03  7.15E-03  8.57E-02  2.79E-02  8.84E-04
  1.52E+00  1.35E-01  7.34E-02  1.47E-02  5.50E-02  1.75E-03  2.42E-03  7.35E-02  2.81E-02  1.46E-03
  1.62E+00  1.40E-01  8.48E-02  1.77E-02  6.50E-02  1.68E-04  4.05E-04  6.03E-02  2.87E-02  2.34E-03
  1.72E+00  1.39E-01  9.80E-02  2.13E-02  7.70E-02  5.25E-06  2.64E-05  5.10E-02  3.15E-02  3.48E-03
                 37        38
  7.00E-07  8.82E-08  2.47E+00
  8.86E-07  8.84E-08  2.46E+00
  1.12E-06  8.81E-08  2.46E+00
  1.41E-06  8.82E-08  2.45E+00
  1.78E-06  8.81E-08  2.44E+00
  2.24E-06  8.80E-08  2.42E+00
  2.81E-06  8.78E-08  2.39E+00
  3.52E-06  8.77E-08  2.37E+00
  4.40E-06  8.75E-08  2.33E+00
  5.49E-06  8.74E-08  2.30E+00
  6.85E-06  8.72E-08  2.26E+00
  8.51E-06  8.70E-08  2.22E+00
  1.06E-05  1.02E-07  2.20E+00
  1.31E-05  1.25E-07  2.19E+00
  1.62E-05  1.53E-07  2.17E+00
  2.00E-05  1.88E-07  2.15E+00
  2.47E-05  2.30E-07  2.13E+00
  3.04E-05  2.81E-07  2.11E+00
  3.73E-05  3.44E-07  2.08E+00
  4.58E-05  4.19E-07  2.06E+00
  5.60E-05  5.10E-07  2.03E+00
  6.84E-05  6.19E-07  2.00E+00
  8.35E-05  7.49E-07  1.96E+00
  1.02E-04  9.04E-07  1.98E+00
  1.24E-04  1.09E-06  2.02E+00
  1.50E-04  1.31E-06  2.00E+00
  1.81E-04  1.57E-06  1.93E+00
  2.19E-04  1.87E-06  1.78E+00
  2.65E-04  2.23E-06  1.57E+00
  3.19E-04  2.65E-06  1.32E+00
  3.83E-04  3.15E-06  1.06E+00
  4.60E-04  3.72E-06  8.45E-01
  5.51E-04  4.38E-06  6.98E-01
  6.59E-04  5.15E-06  6.35E-01
  7.87E-04  6.04E-06  6.42E-01
  9.38E-04  7.08E-06  6.92E-01
  1.12E-03  8.30E-06  7.65E-01
  1.33E-03  9.73E-06  8.36E-01
  1.57E-03  1.14E-05  8.94E-01
  1.86E-03  1.33E-05  9.31E-01
  2.20E-03  1.55E-05  9.41E-01
  2.59E-03  1.80E-05  9.25E-01
  3.05E-03  2.10E-05  8.90E-01
  3.58E-03  2.44E-05  8.50E-01
  4.20E-03  2.83E-05  8.20E-01
  4.91E-03  3.29E-05  8.07E-01
  5.74E-03  3.81E-05  8.06E-01
  6.70E-03  4.40E-05  8.07E-01
  7.80E-03  5.09E-05  8.07E-01
  9.07E-03  5.88E-05  8.06E-01
  1.05E-02  6.78E-05  8.00E-01
  1.22E-02  7.82E-05  7.84E-01
  1.41E-02  9.00E-05  7.49E-01
  1.63E-02  1.03E-04  6.87E-01
  1.87E-02  1.19E-04  5.96E-01
  2.15E-02  1.36E-04  4.85E-01
  2.47E-02  1.55E-04  3.71E-01
  2.83E-02  1.77E-04  2.72E-01
  3.24E-02  2.01E-04  2.05E-01
  3.70E-02  2.28E-04  1.72E-01
  4.22E-02  2.59E-04  1.65E-01
  4.80E-02  2.92E-04  1.73E-01
  5.45E-02  3.30E-04  1.86E-01
  6.18E-02  3.71E-04  1.97E-01
  6.99E-02  4.17E-04  2.06E-01
  7.90E-02  4.68E-04  2.10E-01
  8.90E-02  5.23E-04  2.07E-01
  1.00E-01  5.84E-04  1.95E-01
  1.13E-01  6.51E-04  1.75E-01
  1.26E-01  7.24E-04  1.50E-01
  1.41E-01  8.02E-04  1.21E-01
  1.58E-01  8.87E-04  9.10E-02
  1.76E-01  9.78E-04  6.33E-02
  1.96E-01  1.08E-03  4.03E-02
  2.18E-01  1.18E-03  2.33E-02
  2.42E-01  1.29E-03  1.24E-02
  2.68E-01  1.40E-03  6.39E-03
  2.97E-01  1.52E-03  3.72E-03
  3.27E-01  1.64E-03  2.84E-03
  3.61E-01  1.76E-03  2.73E-03
  3.97E-01  1.89E-03  2.91E-03
  4.36E-01  2.01E-03  3.17E-03
  4.77E-01  2.10E-03  3.45E-03
  5.22E-01  2.19E-03  3.75E-03
  5.70E-01  2.24E-03  4.06E-03
  6.21E-01  2.27E-03  4.37E-03
  6.76E-01  2.28E-03  4.69E-03
  7.34E-01  2.28E-03  5.00E-03
  7.96E-01  2.27E-03  5.32E-03
  8.62E-01  2.25E-03  5.64E-03
  9.31E-01  2.22E-03  5.96E-03
  1.00E+00  2.19E-03  6.32E-03
  1.08E+00  2.16E-03  6.75E-03
  1.16E+00  2.15E-03  7.70E-03
  1.25E+00  2.15E-03  8.80E-03
  1.33E+00  2.17E-03  1.01E-02
  1.43E+00  2.22E-03  1.16E-02
  1.52E+00  2.31E-03  1.34E-02
  1.62E+00  2.48E-03  1.57E-02
  1.72E+00  2.71E-03  1.85E-02
