S = 0.7 CO = 0 N2 = 0.8

239.96977175258613        9.9759765062572476E-005   1.8834824674693438E-006   3.4473325178854624E-004   5.0006683779352254E-006  0.33085653605550758
241.00897267038980        1.9872845159559337E-004   1.7749169411025703E-006   3.8489003999138361E-004   5.1006034146342132E-006  0.32974440184866977
242.21520522093621        3.9701395031187719E-004   1.6519046072680229E-006   4.3683981674906054E-004   5.1456562248402399E-006  0.32836303190656568 
243.53227190721356        7.9384178570754025E-004   1.6845362210768112E-006   5.0089706768974577E-004   5.2464245123694930E-006  0.32674297593061324 
245.00942554827120        1.5866461188343069E-003   1.7006575969082573E-006   5.8301480118100747E-004   5.2958521706401548E-006  0.3248
246.57533495652063        3.1692633724749973E-003   1.6462232333653176E-006   6.8345451846035105E-004   5.5691411929023350E-006  0.3228
248.31306353075487        6.4038422991800799E-003   1.7027625210924531E-006   8.0303053168796995E-004   5.7658579763981870E-006  0.32077664189627031
250.42652321774560        1.2745946929052811E-002   1.7962871107031609E-006   9.8886105687069387E-004   6.0819517480953448E-006  0.31791
253.18970675947887        2.5711811394427526E-002   1.8031692915171192E-006   1.2679421638054748E-003   6.6572441570441588E-006  0.31465
257.21170211861016        5.0895810205166668E-002   1.9959170270460378E-006   1.8341948976316805E-003   7.3693563452015426E-006  0.3100
263.20981141518507       0.10237763373158081        1.8689300835359275E-006   2.9169689911367745E-003   8.3011660978984228E-006  0.3049
271.95443220615363       0.20402102385637405        5.0071130191715823E-008   5.5641673701205289E-003   6.2308837099967672E-007  0.2976
282.32738583554993       0.41287786877773613        1.4172861564233913E-006   9.8637911900967302E-003   1.0639744841907876E-005  0.2926
295.69229228842522       0.81177968118530297        9.5621678804822070E-007   1.7302768930601484E-002   1.1661442343625710E-005  0.2892
312.12404080218391        1.6274961333206956        5.2634745914603455E-008   2.9309622480041729E-002   6.4931404846530231E-007  0.2885
330.06850173951409        3.2727434789661611        5.5454117051025803E-008   4.2909076574397971E-002   6.9259780290176791E-007  0.3004
349.41346378172801        6.5484282881187390        5.6398029338137530E-008   5.5739889161919416E-002   7.0305033049552753E-007  0.3261
371.54803687699263        13.100811013883755        5.4093274857249496E-008   6.9050867792678591E-002   6.7602736256489327E-007  0.3595
397.90982652430608        26.225446763222681        5.0483191567463649E-008   8.4967054297212519E-002   6.2954348474735045E-007  0.3852
435.33496457805501        52.756002669403053        1.1157924729758859E-006  0.11973613496183516        1.3938032676999008E-006  0.3834
471.48255853339373        105.79542665204362        5.1070988803569938E-007  0.13729728905683339        6.3511314737959888E-007  0.3928