S = 0.7 CO = 1 N2 = 0.8

237.48948930699098        1.0034719061294422E-004   7.9188946065025023E-007   1.1644139791092469E-004   2.1999343610772722E-006  0.3667
238.69557722781141        2.0005079250680273E-004   8.1726473819299432E-007   1.3266907429704597E-004   2.2709377109610524E-006  0.3654
239.99073189218782        4.0006118366845453E-004   8.2766489104248839E-007   1.5239903051336086E-004   2.2996939604489782E-006  0.3638
241.37814234363987        8.0003555598969834E-004   7.8599671759905624E-007   1.7650901665975841E-004   2.3726477573904503E-006  0.3621
242.91270089885140        1.5996133784182221E-003   8.3329907240900590E-007   2.0723730094171530E-004   2.5163190531727857E-006  0.3601
244.75791069210973        3.1972884136702144E-003   8.6370411912737999E-007   2.5068116428319484E-004   2.6074597072400052E-006  0.3578
246.75405122809511        6.3874657782700024E-003   8.4370918909185061E-007   3.0700416144430046E-004   2.7752084830497184E-006  0.3551
249.63302499572129        1.2746216413118029E-002   8.3326620790360125E-007   4.0890017704000052E-004   2.9925728067616052E-006  0.3514
253.69619757164693        2.5377292726684701E-002   9.6342777352871057E-007   6.0601353619705819E-004   3.4592726134070338E-006  0.3464
259.62362915099675        5.0885960527346071E-002   9.7937304656310830E-007   1.0402215301977265E-003   3.8521310713572536E-006  0.3399
267.27986650262534       0.10166579147991855        1.0428883975459491E-006   2.0123899662842816E-003   4.5047154302975666E-006  0.3316
277.63835037062921       0.20457828826248148        8.7851761709727866E-007   4.2325092623991300E-003   5.1317576600976916E-006  0.3233
289.77757576227987       0.40714258015778043        7.6022654524464819E-007   8.7864132964383616E-003   6.1926349651337223E-006  0.3130
304.31566415235989       0.82519567221096757        7.6100045542625859E-007   1.7579178274409489E-002   7.8401072981385760E-006  0.3030
319.67423202258578        1.6382520210860392        7.7902810124060940E-007   3.0889888333859087E-002   9.6883338800548116E-006  0.2983
335.97630088447340        3.2678685253903286        4.9099307475410732E-008   4.5273010165176701E-002   6.0715644440128467E-007  0.3081
353.63168662843060        6.5387258214139035        4.9478867696275982E-008   5.8209256358861386E-002   6.1773289894697451E-007  0.3308
374.87656371300596        13.199595662176787        5.0882179673392417E-008   7.1906764121261818E-002   6.2764853419239900E-007  0.3614
400.17370062685029        26.203837251859486        9.2029925703832714E-008   8.7847485191825364E-002   1.1481147941084828E-006  0.3844
436.08918675330108        52.497783586937992        1.1244263869512824E-006  0.12059434684562144        1.4046264877786053E-006  0.3830
471.68270522748736        104.79935951444604        1.0073634608756251E-006  0.13808192968362790        1.2278109230553816E-006  0.3922