S = 0.7 CO = 10 N2 = 0.8

220.61505752307835        9.9819481667802283E-005   1.3693465317966253E-007   2.6986595282821126E-006   2.7170493175378380E-007  0.5035
221.67097876021700        1.9962493590564050E-004   1.7928614179998714E-007   3.0808245600010371E-006   3.2852685756849063E-007  0.5021
222.57553470540364        3.9924985953461103E-004   1.7522568667995441E-007   3.4474119643715608E-006   3.4727071030015390E-007  0.5010
223.87689984434508        7.9848873582722248E-004   2.1600333938171912E-007   4.0462452474905920E-006   4.2895873512854213E-007  0.4992
225.12005513416750        1.5968926850490892E-003   2.0477096213176293E-007   4.7069891149932835E-006   4.4200509865507774E-007  0.4978
226.85270385108157        3.1935478705015646E-003   2.1460289148588815E-007   5.7956085597441365E-006   4.6289027839936337E-007  0.4956
229.27039098823468        6.3857393760147554E-003   2.2363564821124509E-007   7.7071995267968037E-006   4.8217756182729956E-007  0.4928
233.06687432524447        1.2766730460171365E-002   2.2044539558568116E-007   1.1915497421867746E-005   5.1763871382123451E-007  0.4890
238.03738852190608        2.5513450048693782E-002   2.2073083979945274E-007   2.0640354540908244E-005   5.6451024301980305E-007  0.4843
244.89915587774237        5.1047479953510978E-002   2.4585134102019998E-007   4.2401820105525769E-005   6.2706849790482226E-007  0.4787
254.25805007752177       0.10235626146872674        2.1912416803641098E-007   1.0598519415383146E-004   7.3659969362422995E-007  0.4714
267.82383351045507       0.20517140591882432        2.1943119004736534E-007   3.5661068973509206E-004   8.9912716053709856E-007  0.4592
288.70022890522375       0.41296427622669774        2.1323507824578091E-007   1.5914476443020162E-003   1.1982741126252257E-006  0.44013
318.56870051632069       0.81901350010919116        1.9333152357097349E-007   8.6634501234753043E-003   1.9699641856524498E-006  0.4027
339.68847767521987        1.6241697668246367        2.4411671477492946E-007   2.2029795612122420E-002   3.0506078294666931E-006  0.3858
356.92390366113938        3.2764623925797638        3.3272118521909597E-007   3.9586207825548281E-002   4.1579322356348857E-006  0.3787
373.44154298922621        6.5599703594625387        4.7055200715385265E-007   5.9213249078207512E-002   5.6537216583904409E-006  0.3769
392.86287474891697        13.147315146852234        5.2339087098656814E-007   8.1910865567385249E-002   6.5398237638630084E-006  0.3775
419.17803268395170        26.246155381755166        4.4349997254358559E-007  0.11331775933274861        5.4405902573575286E-007  0.3706
444.94033835546196        52.510311704424105        4.5509959437208035E-007  0.12787519960894039        5.6732228119055170E-007  0.3835
477.97026210104201        105.43251965466374        4.9175357438042498E-007  0.14310333348675014        6.0803876417184726E-007  0.39021