S = 0.7 CO = 50 N2 = 0.8

194.12091188407592        9.9804407140568799E-005   1.0735595859135740E-008   1.2918260925639044E-008   1.4057763497671298E-008  0.6547
194.14815511696855        2.0000251999237971E-004   1.0734861285865682E-008   1.2950108755505611E-008   1.4048365648446862E-008  0.65397
194.19550742710976        3.9999705709733210E-004   1.0809940320247449E-008   1.3050232070127941E-008   1.4144140974557219E-008  0.6528
194.14123864462704        7.9996218284106085E-004   1.0713759756988769E-008   1.2935544701960287E-008   1.4017924627809671E-008  0.6516
194.29162493851751        1.6000041939027228E-003   1.0943058301240320E-008   1.3255699845265720E-008   1.4306703322512541E-008  0.6501
194.78837139103405        3.1998487281827272E-003   1.1734654840040781E-008   1.4366753785696323E-008   1.5302136117556874E-008  0.64836
195.41874192383460        6.3994579631695336E-003   1.2911642099360884E-008   1.5902371560994121E-008   1.6812388449887005E-008  0.6461
196.97092537834672        1.2798117599563598E-002   1.6179445848349463E-008   2.0363646544562705E-008   2.0954160234434134E-008  0.6434
198.63084534861790        2.5591445373988560E-002   2.0588673708371230E-008   2.6414727265980132E-008   2.6534452193966683E-008  0.6404
202.27143989072434        5.1166924353827498E-002   3.4283121091740437E-008   4.6043363953315919E-008   4.3649450883219128E-008  0.6364
208.74114607342389       0.10226838837626945        4.0886246525191045E-008   1.1782773752094378E-007   5.9462031917805713E-008  0.6322
225.64625047563996       0.20427332560927972        4.3688569709476676E-008   1.0643595727280627E-006   9.0442400559755773E-008  0.6252
262.89893830504758       0.40830899083385802        4.9899489277222438E-008   4.9963318083542398E-005   1.8477463647191870E-007  0.608
324.85154991255132       0.81696278215199492        5.3098557524607942E-008   2.6375333453544725E-003   5.0548202866231697E-007  0.5549
352.26369449898903        1.6409989857121887        7.2266772440998044E-008   8.8089130313006945E-003   9.0320462320328497E-007  0.5331
377.09572755093694        3.2790873945868437        1.0844897252692612E-007   2.1939792463639151E-002   1.3550897180329256E-006  0.5093
401.95934417941578        6.5469415347284103        1.6361221195215780E-007   4.5813119813974373E-002   2.0448821482180103E-006  0.4791
427.84354122343586        13.038420528570565        4.5280802049861855E-008   8.4419237405184311E-002   5.6064562741841924E-007  0.4314
453.76761242684177        26.067282806138408        4.7869583164743915E-007  0.12962008487475310        5.9821263931781761E-007  0.3872
474.37204451686085        53.316067114736569        4.3078182339706686E-007  0.14705883305973971        5.3682466462823554E-007  0.3841
498.52904415386314        105.01584033985742        4.3251179000781090E-007  0.15892722076314508        5.4000538240302681E-007  0.3861