     ALT          P          T          FH2O           FCO2           FH2O          PCO2          FSATUR(ND)
8.9021E+01  1.1013E-05 3.2770E+02    7.1146E-06    1.4139E-04    7.2350E-06    0.0000E+00    1.4024E+04    8.0000E-02
8.7071E+01  1.3348E-05 3.2770E+02    7.1146E-06    1.4139E-04    7.2350E-06    5.1870E-10    1.1571E+04    8.0000E-02
8.5136E+01  1.6153E-05 3.2763E+02    7.1146E-06    1.4139E-04    7.2350E-06    1.1421E-09    9.5614E+03    8.0000E-02
8.3224E+01  1.9521E-05 3.2562E+02    7.1146E-06    1.4139E-04    7.2350E-06    1.8902E-09    7.8133E+03    8.0000E-02
8.1349E+01  2.3555E-05 3.2036E+02    7.1146E-06    1.4139E-04    7.2350E-06    2.7867E-09    4.4932E+03    8.0000E-02
7.9522E+01  2.8383E-05 3.1403E+02    7.1146E-06    1.4139E-04    7.2350E-06    3.8592E-09    2.7502E+03    8.0000E-02
7.7749E+01  3.4149E-05 3.0735E+02    7.1146E-06    1.4139E-04    7.2350E-06    5.1405E-09    1.6309E+03    8.0000E-02
7.6029E+01  4.1028E-05 3.0002E+02    7.1146E-06    1.4139E-04    7.2350E-06    6.6688E-09    8.3718E+02    8.0000E-02
7.4362E+01  4.9220E-05 2.9397E+02    7.1146E-06    1.4139E-04    7.2350E-06    8.4889E-09    4.8214E+02    8.0000E-02
7.2737E+01  5.8962E-05 2.9009E+02    7.1146E-06    1.4139E-04    7.2350E-06    1.0653E-08    3.2409E+02    8.0000E-02
7.1143E+01  7.0529E-05 2.8763E+02    7.1146E-06    1.4139E-04    7.2350E-06    1.3223E-08    2.3256E+02    8.0000E-02
6.9574E+01  8.4242E-05 2.8597E+02    7.1146E-06    1.4139E-04    7.2350E-06    1.6270E-08    1.7611E+02    8.0000E-02
6.8027E+01  1.0047E-04 2.8471E+02    7.1146E-06    1.4139E-04    7.2350E-06    1.9877E-08    1.3731E+02    8.0000E-02
6.6500E+01  1.1966E-04 2.8344E+02    7.1146E-06    1.4139E-04    7.2350E-06    2.4140E-08    1.0566E+02    8.0000E-02
6.4994E+01  1.4230E-04 2.8190E+02    7.1146E-06    1.4139E-04    7.2350E-06    2.9170E-08    8.0389E+01    8.0000E-02
6.3510E+01  1.6898E-04 2.8007E+02    7.1146E-06    1.4139E-04    7.2350E-06    3.5098E-08    5.9928E+01    8.0000E-02
6.2050E+01  2.0037E-04 2.7802E+02    7.1146E-06    1.4139E-04    7.2350E-06    4.2073E-08    4.3340E+01    8.0000E-02
6.0615E+01  2.3725E-04 2.7548E+02    7.1146E-06    1.4139E-04    7.2350E-06    5.0265E-08    3.1593E+01    8.0000E-02
5.9209E+01  2.8050E-04 2.7138E+02    7.1146E-06    1.4139E-04    7.2350E-06    5.9875E-08    2.0193E+01    8.0000E-02
5.7843E+01  3.3115E-04 2.6531E+02    7.1146E-06    1.4139E-04    7.2350E-06    7.1129E-08    9.4226E+00    8.0000E-02
5.6522E+01  3.9038E-04 2.5837E+02    7.1146E-06    1.4139E-04    7.2350E-06    8.4289E-08    4.3918E+00    8.0000E-02
5.5248E+01  4.5953E-04 2.5136E+02    7.1146E-06    1.4139E-04    7.2350E-06    9.9654E-08    1.8650E+00    8.0000E-02
5.4019E+01  5.4015E-04 2.4488E+02    7.1146E-06    1.4139E-04    7.2350E-06    1.1756E-07    8.1864E-01    8.0000E-02
5.2832E+01  6.3398E-04 2.3946E+02    7.1146E-06    1.4139E-04    7.2350E-06    1.3841E-07    3.9879E-01    8.0000E-02
5.1679E+01  7.4303E-04 2.3503E+02    7.1146E-06    1.4139E-04    7.2350E-06    1.6264E-07    2.1068E-01    8.0000E-02
5.0557E+01  8.6956E-04 2.3139E+02    7.1146E-06    1.4139E-04    7.2350E-06    1.9075E-07    1.1978E-01    8.0000E-02
4.9461E+01  1.0162E-03 2.2842E+02    7.1146E-06    1.4139E-04    7.2350E-06    2.2333E-07    7.2774E-02    8.0000E-02
4.8388E+01  1.1857E-03 2.2600E+02    7.1146E-06    1.4139E-04    7.2350E-06    2.6101E-07    4.7003E-02    8.0000E-02
4.7337E+01  1.3816E-03 2.2401E+02    7.1146E-06    1.4139E-04    7.2350E-06    3.0452E-07    3.1779E-02    8.0000E-02
4.6304E+01  1.6075E-03 2.2234E+02    7.1146E-06    1.4139E-04    7.2350E-06    3.5471E-07    2.2282E-02    8.0000E-02
4.5289E+01  1.8676E-03 2.2092E+02    7.1146E-06    1.4139E-04    7.2350E-06    4.1250E-07    1.6089E-02    8.0000E-02
4.4289E+01  2.1666E-03 2.1970E+02    7.1146E-06    1.4139E-04    7.2350E-06    4.7893E-07    1.1902E-02    8.0000E-02
4.3305E+01  2.5098E-03 2.1864E+02    7.1146E-06    1.4139E-04    7.2350E-06    5.5518E-07    8.9847E-03    8.0000E-02
4.2336E+01  2.9031E-03 2.1772E+02    7.1146E-06    1.4139E-04    7.2350E-06    6.4258E-07    6.9008E-03    8.0000E-02
4.1380E+01  3.3532E-03 2.1691E+02    7.1146E-06    1.4139E-04    7.2350E-06    7.4258E-07    5.3803E-03    8.0000E-02
4.0438E+01  3.8674E-03 2.1620E+02    7.1146E-06    1.4139E-04    7.2350E-06    8.5683E-07    4.2504E-03    8.0000E-02
3.9508E+01  4.4540E-03 2.1556E+02    7.1146E-06    1.4139E-04    7.2350E-06    9.8716E-07    3.3974E-03    8.0000E-02
3.8591E+01  5.1221E-03 2.1500E+02    7.1146E-06    1.4139E-04    7.2350E-06    1.1356E-06    2.7443E-03    8.0000E-02
3.7685E+01  5.8818E-03 2.1451E+02    7.1146E-06    1.4139E-04    7.2350E-06    1.3044E-06    2.2379E-03    8.0000E-02
3.6792E+01  6.7443E-03 2.1407E+02    7.1146E-06    1.4139E-04    7.2350E-06    1.4960E-06    1.8410E-03    8.0000E-02
3.5910E+01  7.7221E-03 2.1368E+02    7.1146E-06    1.4139E-04    7.2350E-06    1.7133E-06    1.5269E-03    8.0000E-02
3.5039E+01  8.8287E-03 2.1335E+02    7.1146E-06    1.4139E-04    7.2350E-06    1.9591E-06    1.2766E-03    8.0000E-02
3.4179E+01  1.0079E-02 2.1306E+02    7.1146E-06    1.4139E-04    7.2350E-06    2.2370E-06    1.0760E-03    8.0000E-02
3.3330E+01  1.1490E-02 2.1283E+02    7.1146E-06    1.4139E-04    7.2350E-06    2.5504E-06    9.1464E-04    8.0000E-02
3.2492E+01  1.3079E-02 2.1267E+02    7.1146E-06    1.4139E-04    7.2350E-06    2.9035E-06    7.8516E-04    8.0000E-02
3.1663E+01  1.4867E-02 2.1256E+02    7.1146E-06    1.4139E-04    7.2350E-06    3.3007E-06    6.8130E-04    8.0000E-02
3.0845E+01  1.6874E-02 2.1252E+02    7.1146E-06    1.4139E-04    7.2350E-06    3.7466E-06    5.9767E-04    8.0000E-02
3.0036E+01  1.9124E-02 2.1240E+02    7.1146E-06    1.4139E-04    7.2350E-06    4.2465E-06    5.2692E-04    8.0000E-02
2.9238E+01  2.1642E-02 2.1199E+02    7.1146E-06    1.4139E-04    7.2350E-06    4.8060E-06    4.3830E-04    8.0000E-02
2.8452E+01  2.4456E-02 2.1137E+02    7.1146E-06    1.4139E-04    7.2350E-06    5.4313E-06    3.5129E-04    8.0000E-02
2.7677E+01  2.7597E-02 2.1076E+02    7.1146E-06    1.4139E-04    7.2350E-06    6.1290E-06    2.8671E-04    8.0000E-02
2.6914E+01  3.1095E-02 2.1024E+02    7.1146E-06    1.4139E-04    7.2350E-06    6.9062E-06    2.3674E-04    8.0000E-02
2.6162E+01  3.4985E-02 2.0979E+02    7.1146E-06    1.4139E-04    7.2350E-06    7.7706E-06    1.9779E-04    8.0000E-02
2.5421E+01  3.9304E-02 2.0942E+02    7.1146E-06    1.4139E-04    7.2350E-06    8.7303E-06    1.6710E-04    8.0000E-02
2.4691E+01  4.4093E-02 2.0911E+02    7.1146E-06    1.4139E-04    7.2350E-06    9.7943E-06    1.4267E-04    8.0000E-02
2.3971E+01  4.9393E-02 2.0886E+02    7.1146E-06    1.4139E-04    7.2350E-06    1.0972E-05    1.2304E-04    8.0000E-02
2.3261E+01  5.5249E-02 2.0868E+02    7.1146E-06    1.4139E-04    7.2350E-06    1.2273E-05    1.0714E-04    8.0000E-02
2.2562E+01  6.1710E-02 2.0854E+02    7.1146E-06    1.4139E-04    7.2350E-06    1.3708E-05    9.4163E-05    8.0000E-02
2.1872E+01  6.8826E-02 2.0847E+02    7.1146E-06    1.4139E-04    7.2350E-06    1.5289E-05    8.3512E-05    8.0000E-02
2.1191E+01  7.6650E-02 2.0844E+02    7.1146E-06    1.4139E-04    7.2350E-06    1.7028E-05    7.4720E-05    8.0000E-02
2.0520E+01  8.5240E-02 2.0847E+02    7.1146E-06    1.4139E-04    7.2350E-06    1.8936E-05    6.7430E-05    8.0000E-02
1.9858E+01  9.4654E-02 2.0854E+02    7.1146E-06    1.4139E-04    7.2350E-06    2.1028E-05    6.1361E-05    8.0000E-02
1.9205E+01  1.0495E-01 2.0866E+02    7.1146E-06    1.4139E-04    7.2350E-06    2.3317E-05    5.6291E-05    8.0000E-02
1.8561E+01  1.1621E-01 2.0882E+02    7.1146E-06    1.4139E-04    7.2350E-06    2.5816E-05    5.2039E-05    8.0000E-02
1.7926E+01  1.2848E-01 2.0903E+02    7.1146E-06    1.4139E-04    7.2350E-06    2.8543E-05    4.8457E-05    8.0000E-02
1.7299E+01  1.4184E-01 2.0928E+02    7.1146E-06    1.4139E-04    7.2350E-06    3.1511E-05    4.5431E-05    8.0000E-02
1.6681E+01  1.5636E-01 2.0956E+02    7.1146E-06    1.4139E-04    7.2350E-06    3.4737E-05    4.2868E-05    8.0000E-02
1.6072E+01  1.7211E-01 2.0987E+02    7.1146E-06    1.4139E-04    7.2350E-06    3.8238E-05    4.0696E-05    8.0000E-02
1.5471E+01  1.8918E-01 2.1022E+02    7.1146E-06    1.4139E-04    7.2350E-06    4.2030E-05    3.8858E-05    8.0000E-02
1.4878E+01  2.0763E-01 2.1060E+02    7.1146E-06    1.4139E-04    7.2350E-06    4.6130E-05    3.7307E-05    8.0000E-02
1.4294E+01  2.2756E-01 2.1100E+02    7.1146E-06    1.4139E-04    7.2350E-06    5.0557E-05    3.6005E-05    8.9052E-02
1.3718E+01  2.4903E-01 2.1144E+02    7.1146E-06    1.4139E-04    7.2350E-06    5.5328E-05    3.4920E-05    9.8996E-02
1.3150E+01  2.7213E-01 2.1189E+02    7.1146E-06    1.4139E-04    7.2350E-06    6.0461E-05    3.4025E-05    1.0969E-01
1.2590E+01  2.9695E-01 2.1237E+02    7.1146E-06    1.4139E-04    7.2350E-06    6.5974E-05    3.3296E-05    1.2119E-01
1.2039E+01  3.2355E-01 2.1288E+02    7.1146E-06    1.4139E-04    7.2350E-06    7.1885E-05    3.2711E-05    1.3350E-01
1.1495E+01  3.5202E-01 2.1340E+02    7.1146E-06    1.4139E-04    7.2350E-06    7.8211E-05    3.2253E-05    1.4669E-01
1.0960E+01  3.8244E-01 2.1393E+02    7.1146E-06    1.4139E-04    7.2350E-06    8.4969E-05    3.1906E-05    1.6078E-01
1.0433E+01  4.1488E-01 2.1448E+02    7.1146E-06    1.4139E-04    7.2350E-06    9.2177E-05    3.1657E-05    1.7580E-01
9.9144E+00  4.4942E-01 2.1504E+02    7.1146E-06    1.4139E-04    7.2350E-06    9.9851E-05    3.1492E-05    1.9179E-01
9.4038E+00  4.8613E-01 2.1561E+02    7.1146E-06    1.4139E-04    7.2350E-06    1.0801E-04    3.1399E-05    2.0879E-01
8.9014E+00  5.2506E-01 2.1619E+02    7.2350E-06    1.4139E-04    7.2350E-06    1.1666E-04    3.1366E-05    2.2682E-01
8.4073E+00  5.6629E-01 2.1677E+02    7.7164E-06    1.4139E-04    7.2350E-06    1.2582E-04    3.1379E-05    2.4591E-01
7.9210E+00  6.0987E-01 2.1776E+02    8.8163E-06    1.4139E-04    7.2350E-06    1.3550E-04    3.3132E-05    2.6609E-01
7.4419E+00  6.5584E-01 2.1900E+02    1.0383E-05    1.4139E-04    7.2350E-06    1.4571E-04    3.6130E-05    2.8738E-01
6.9672E+00  7.0425E-01 2.2271E+02    1.6621E-05    1.4139E-04    7.2350E-06    1.5647E-04    5.3650E-05    3.0980E-01
6.4937E+00  7.5513E-01 2.2710E+02    2.8405E-05    1.4139E-04    7.2350E-06    1.6777E-04    8.5208E-05    3.3336E-01
6.0212E+00  8.0850E-01 2.3146E+02    4.7391E-05    1.4138E-04    7.2350E-06    1.7963E-04    1.3235E-04    3.5808E-01
5.5501E+00  8.6439E-01 2.3577E+02    7.7176E-05    1.4138E-04    7.2350E-06    1.9205E-04    2.0100E-04    3.8396E-01
5.0809E+00  9.2279E-01 2.4002E+02    1.2264E-04    1.4137E-04    7.2350E-06    2.0502E-04    2.9839E-04    4.1100E-01
4.6141E+00  9.8371E-01 2.4419E+02    1.9010E-04    1.4136E-04    7.2350E-06    2.1856E-04    4.3282E-04    4.3921E-01
4.1503E+00  1.0471E+00 2.4825E+02    2.8730E-04    1.4135E-04    7.2350E-06    2.3316E-04    6.1313E-04    4.6858E-01
3.6900E+00  1.1130E+00 2.5218E+02    4.2322E-04    1.4133E-04    7.2350E-06    2.4833E-04    8.4800E-04    4.9908E-01
3.2338E+00  1.1813E+00 2.5597E+02    6.0766E-04    1.4130E-04    7.2350E-06    2.6406E-04    1.1450E-03    5.3070E-01
2.7823E+00  1.2519E+00 2.5960E+02    8.5062E-04    1.4127E-04    7.2350E-06    2.8033E-04    1.5097E-03    5.6342E-01
2.3361E+00  1.3249E+00 2.6305E+02    1.1616E-03    1.4123E-04    7.2350E-06    2.9712E-04    1.9452E-03    5.9720E-01
1.8958E+00  1.4000E+00 2.6632E+02    1.5493E-03    1.4117E-04    7.2350E-06    3.1441E-04    2.4514E-03    6.3200E-01
1.4620E+00  1.4773E+00 2.6941E+02    2.0205E-03    1.4110E-04    7.2350E-06    3.3218E-04    3.0257E-03    6.6778E-01
1.0352E+00  1.5565E+00 2.7233E+02    2.5808E-03    1.4103E-04    7.2350E-06    3.5040E-04    3.6634E-03    7.0448E-01
6.1587E-01  1.6376E+00 2.7522E+02    3.2589E-03    1.4093E-04    7.2350E-06    3.6903E-04    4.3919E-03    7.4204E-01
2.0429E-01  1.7205E+00 2.7801E+02    3.9236E-03    1.4084E-04    7.2350E-06    3.8805E-04    5.0277E-03    7.8040E-01
0.0000E+00  1.7628E+00 2.7937E+02    4.3543E-03    1.4077E-04    7.2350E-06    3.9776E-04    5.4429E-03    8.0000E-01
