     ALT          P          T          FH2O           FCO2           FH2O          PCO2          FSATUR(ND)
6.5371E+01  7.6890E-06 1.9403E+02    3.0732E-07    1.1300E-03    3.0743E-07    0.0000E+00    8.3872E-02    8.0000E-02
6.4272E+01  9.2704E-06 1.8835E+02    3.0732E-07    1.1300E-03    3.0743E-07    2.8082E-09    2.5125E-02    8.0000E-02
6.3213E+01  1.1161E-05 1.8348E+02    3.0732E-07    1.1300E-03    3.0743E-07    6.1659E-09    9.3270E-03    8.0000E-02
6.2187E+01  1.3419E-05 1.7922E+02    3.0732E-07    1.1300E-03    3.0743E-07    1.0175E-08    3.4334E-03    8.0000E-02
6.1193E+01  1.6110E-05 1.7544E+02    3.0732E-07    1.1300E-03    3.0743E-07    1.4953E-08    1.3685E-03    8.0000E-02
6.0226E+01  1.9314E-05 1.7218E+02    3.0732E-07    1.1300E-03    3.0743E-07    2.0642E-08    5.9361E-04    8.0000E-02
5.9284E+01  2.3121E-05 1.6932E+02    3.0732E-07    1.1300E-03    3.0743E-07    2.7404E-08    2.7222E-04    8.0000E-02
5.8364E+01  2.7641E-05 1.6681E+02    3.0732E-07    1.1300E-03    3.0743E-07    3.5429E-08    1.3240E-04    8.0000E-02
5.7464E+01  3.2996E-05 1.6462E+02    3.0732E-07    1.1300E-03    3.0743E-07    4.4939E-08    6.7796E-05    8.0000E-02
5.6583E+01  3.9334E-05 1.6271E+02    3.0732E-07    1.1300E-03    3.0743E-07    5.6193E-08    3.6829E-05    8.0000E-02
5.5719E+01  4.6823E-05 1.6111E+02    3.0732E-07    1.1300E-03    3.0743E-07    6.9490E-08    2.1231E-05    8.0000E-02
5.4869E+01  5.5658E-05 1.5980E+02    3.0732E-07    1.1300E-03    3.0743E-07    8.5179E-08    1.3078E-05    8.0000E-02
5.4033E+01  6.6066E-05 1.5881E+02    3.0732E-07    1.1300E-03    3.0743E-07    1.0366E-07    8.6549E-06    8.0000E-02
5.3209E+01  7.8310E-05 1.5813E+02    3.0732E-07    1.1300E-03    3.0743E-07    1.2540E-07    6.1867E-06    8.0000E-02
5.2394E+01  9.2691E-05 1.5779E+02    3.0732E-07    1.1300E-03    3.0743E-07    1.5094E-07    4.8023E-06    8.0000E-02
5.1587E+01  1.0956E-04 1.5779E+02    3.0732E-07    1.1300E-03    3.0743E-07    1.8089E-07    4.0677E-06    8.0000E-02
5.0786E+01  1.2931E-04 1.5809E+02    3.0732E-07    1.1300E-03    3.0743E-07    2.1596E-07    3.7271E-06    8.0000E-02
4.9990E+01  1.5241E-04 1.5865E+02    3.0732E-07    1.1300E-03    3.0743E-07    2.5698E-07    3.6344E-06    8.0000E-02
4.9198E+01  1.7938E-04 1.5941E+02    3.0732E-07    1.1300E-03    3.0743E-07    3.0487E-07    3.7208E-06    8.0000E-02
4.8409E+01  2.1082E-04 1.6032E+02    3.0732E-07    1.1300E-03    3.0743E-07    3.6069E-07    3.9498E-06    8.0000E-02
4.7622E+01  2.4742E-04 1.6133E+02    3.0732E-07    1.1300E-03    3.0743E-07    4.2569E-07    4.2956E-06    8.0000E-02
4.6838E+01  2.8996E-04 1.6242E+02    3.0732E-07    1.1300E-03    3.0743E-07    5.0123E-07    4.7338E-06    8.0000E-02
4.6055E+01  3.3933E-04 1.6353E+02    3.0732E-07    1.1300E-03    3.0743E-07    5.8891E-07    5.2374E-06    8.0000E-02
4.5275E+01  3.9655E-04 1.6464E+02    3.0732E-07    1.1300E-03    3.0743E-07    6.9051E-07    5.7764E-06    8.0000E-02
4.4496E+01  4.6277E-04 1.6572E+02    3.0732E-07    1.1300E-03    3.0743E-07    8.0809E-07    6.3198E-06    8.0000E-02
4.3720E+01  5.3927E-04 1.6676E+02    3.0732E-07    1.1300E-03    3.0743E-07    9.4394E-07    6.8391E-06    8.0000E-02
4.2946E+01  6.2753E-04 1.6776E+02    3.0732E-07    1.1300E-03    3.0743E-07    1.1007E-06    7.3117E-06    8.0000E-02
4.2176E+01  7.2920E-04 1.6871E+02    3.0732E-07    1.1300E-03    3.0743E-07    1.2812E-06    7.7244E-06    8.0000E-02
4.1409E+01  8.4613E-04 1.6961E+02    3.0732E-07    1.1300E-03    3.0743E-07    1.4888E-06    8.0734E-06    8.0000E-02
4.0645E+01  9.8043E-04 1.7047E+02    3.0732E-07    1.1300E-03    3.0743E-07    1.7273E-06    8.3625E-06    8.0000E-02
3.9885E+01  1.1344E-03 1.7130E+02    3.0732E-07    1.1300E-03    3.0743E-07    2.0008E-06    8.6002E-06    8.0000E-02
3.9129E+01  1.3108E-03 1.7209E+02    3.0732E-07    1.1300E-03    3.0743E-07    2.3139E-06    8.7812E-06    8.0000E-02
3.8377E+01  1.5124E-03 1.7285E+02    3.0732E-07    1.1300E-03    3.0743E-07    2.6719E-06    8.8961E-06    8.0000E-02
3.7630E+01  1.7425E-03 1.7356E+02    3.0732E-07    1.1300E-03    3.0743E-07    3.0805E-06    8.9322E-06    8.0000E-02
3.6888E+01  2.0048E-03 1.7422E+02    3.0732E-07    1.1300E-03    3.0743E-07    3.5463E-06    8.8731E-06    8.0000E-02
3.6150E+01  2.3033E-03 1.7481E+02    3.0732E-07    1.1300E-03    3.0743E-07    4.0764E-06    8.7031E-06    8.0000E-02
3.5418E+01  2.6425E-03 1.7532E+02    3.0732E-07    1.1300E-03    3.0743E-07    4.6787E-06    8.4149E-06    8.0000E-02
3.4692E+01  3.0274E-03 1.7576E+02    3.0732E-07    1.1300E-03    3.0743E-07    5.3621E-06    8.0146E-06    8.0000E-02
3.3972E+01  3.4634E-03 1.7613E+02    3.0732E-07    1.1300E-03    3.0743E-07    6.1363E-06    7.5235E-06    8.0000E-02
3.3258E+01  3.9566E-03 1.7642E+02    3.0732E-07    1.1300E-03    3.0743E-07    7.0121E-06    6.9744E-06    8.0000E-02
3.2551E+01  4.5136E-03 1.7666E+02    3.0732E-07    1.1300E-03    3.0743E-07    8.0011E-06    6.4048E-06    8.0000E-02
3.1851E+01  5.1417E-03 1.7687E+02    3.0732E-07    1.1300E-03    3.0743E-07    9.1165E-06    5.8511E-06    8.0000E-02
3.1157E+01  5.8489E-03 1.7707E+02    3.0732E-07    1.1300E-03    3.0743E-07    1.0372E-05    5.3434E-06    8.0000E-02
3.0471E+01  6.6439E-03 1.7729E+02    3.0732E-07    1.1300E-03    3.0743E-07    1.1784E-05    4.9038E-06    8.0000E-02
2.9792E+01  7.5363E-03 1.7755E+02    3.0732E-07    1.1300E-03    3.0743E-07    1.3369E-05    4.5446E-06    8.0000E-02
2.9119E+01  8.5365E-03 1.7788E+02    3.0732E-07    1.1300E-03    3.0743E-07    1.5145E-05    4.2695E-06    8.0000E-02
2.8453E+01  9.6557E-03 1.7827E+02    3.0732E-07    1.1300E-03    3.0743E-07    1.7132E-05    4.0741E-06    8.0000E-02
2.7793E+01  1.0906E-02 1.7874E+02    3.0732E-07    1.1300E-03    3.0743E-07    1.9353E-05    3.9481E-06    8.0000E-02
2.7138E+01  1.2301E-02 1.7927E+02    3.0732E-07    1.1300E-03    3.0743E-07    2.1830E-05    3.8773E-06    8.0000E-02
2.6490E+01  1.3855E-02 1.7985E+02    3.0732E-07    1.1300E-03    3.0743E-07    2.4588E-05    3.8467E-06    8.0000E-02
2.5848E+01  1.5583E-02 1.8046E+02    3.0743E-07    1.1300E-03    3.0743E-07    2.7657E-05    3.8416E-06    8.0000E-02
2.5211E+01  1.7501E-02 1.8108E+02    3.0784E-07    1.1300E-03    3.0743E-07    3.1063E-05    3.8480E-06    8.0000E-02
2.4580E+01  1.9628E-02 1.8184E+02    3.1621E-07    1.1300E-03    3.0743E-07    3.4840E-05    3.9527E-06    8.0000E-02
2.3954E+01  2.1982E-02 1.8261E+02    3.2543E-07    1.1300E-03    3.0743E-07    3.9019E-05    4.0679E-06    8.0000E-02
2.3333E+01  2.4583E-02 1.8338E+02    3.3492E-07    1.1300E-03    3.0743E-07    4.3639E-05    4.1865E-06    8.0000E-02
2.2718E+01  2.7453E-02 1.8415E+02    3.4526E-07    1.1300E-03    3.0743E-07    4.8735E-05    4.3157E-06    8.0000E-02
2.2108E+01  3.0615E-02 1.8495E+02    3.5720E-07    1.1300E-03    3.0743E-07    5.4350E-05    4.4650E-06    8.0000E-02
2.1504E+01  3.4093E-02 1.8576E+02    3.7108E-07    1.1300E-03    3.0743E-07    6.0525E-05    4.6385E-06    8.0000E-02
2.0905E+01  3.7912E-02 1.8659E+02    3.8632E-07    1.1300E-03    3.0743E-07    6.7306E-05    4.8290E-06    8.0000E-02
2.0312E+01  4.2098E-02 1.8741E+02    4.0153E-07    1.1300E-03    3.0743E-07    7.4741E-05    5.0191E-06    8.0000E-02
1.9724E+01  4.6681E-02 1.8819E+02    4.1493E-07    1.1300E-03    3.0743E-07    8.2879E-05    5.1866E-06    8.0000E-02
1.9142E+01  5.1690E-02 1.8892E+02    4.2506E-07    1.1300E-03    3.0743E-07    9.1772E-05    5.3133E-06    8.0000E-02
1.8566E+01  5.7154E-02 1.8960E+02    4.3135E-07    1.1300E-03    3.0743E-07    1.0148E-04    5.3918E-06    8.0000E-02
1.7996E+01  6.3107E-02 1.9022E+02    4.3438E-07    1.1300E-03    3.0743E-07    1.1205E-04    5.4297E-06    8.0000E-02
1.7433E+01  6.9581E-02 1.9082E+02    4.3572E-07    1.1300E-03    3.0743E-07    1.2354E-04    5.4465E-06    8.0000E-02
1.6877E+01  7.6610E-02 1.9141E+02    4.3751E-07    1.1300E-03    3.0743E-07    1.3602E-04    5.4689E-06    8.0000E-02
1.6327E+01  8.4230E-02 1.9204E+02    4.4183E-07    1.1300E-03    3.0743E-07    1.4956E-04    5.5228E-06    8.0000E-02
1.5783E+01  9.2477E-02 1.9272E+02    4.4998E-07    1.1300E-03    3.0743E-07    1.6420E-04    5.6247E-06    8.0000E-02
1.5246E+01  1.0139E-01 1.9346E+02    4.6412E-07    1.1300E-03    3.0743E-07    1.8002E-04    5.8015E-06    8.0000E-02
1.4715E+01  1.1100E-01 1.9426E+02    5.1646E-07    1.1300E-03    3.0743E-07    1.9709E-04    6.0356E-06    8.5568E-02
1.4190E+01  1.2135E-01 1.9512E+02    6.0321E-07    1.1300E-03    3.0743E-07    2.1546E-04    6.3450E-06    9.5069E-02
1.3672E+01  1.3247E-01 1.9595E+02    6.9952E-07    1.1300E-03    3.0743E-07    2.3522E-04    6.6442E-06    1.0528E-01
1.3159E+01  1.4442E-01 1.9710E+02    8.4955E-07    1.1300E-03    3.0743E-07    2.5643E-04    7.3083E-06    1.1624E-01
1.2652E+01  1.5721E-01 1.9793E+02    9.7893E-07    1.1300E-03    3.0743E-07    2.7915E-04    7.6485E-06    1.2799E-01
1.2151E+01  1.7090E-01 1.9987E+02    1.3364E-06    1.1300E-03    3.0743E-07    3.0345E-04    9.5082E-06    1.4055E-01
1.1654E+01  1.8551E-01 2.0109E+02    1.6241E-06    1.1300E-03    3.0743E-07    3.2940E-04    1.0548E-05    1.5397E-01
1.1158E+01  2.0109E-01 2.0578E+02    3.2818E-06    1.1300E-03    3.0743E-07    3.5706E-04    1.9503E-05    1.6827E-01
1.0660E+01  2.1766E-01 2.1048E+02    6.4347E-06    1.1300E-03    3.0743E-07    3.8650E-04    3.5069E-05    1.8349E-01
1.0160E+01  2.3527E-01 2.1519E+02    1.2247E-05    1.1300E-03    3.0743E-07    4.1777E-04    6.1342E-05    1.9965E-01
9.6588E+00  2.5395E-01 2.1988E+02    2.2628E-05    1.1300E-03    3.0743E-07    4.5092E-04    1.0438E-04    2.1679E-01
9.1560E+00  2.7372E-01 2.2454E+02    4.0570E-05    1.1300E-03    3.0743E-07    4.8602E-04    1.7268E-04    2.3494E-01
8.6525E+00  2.9460E-01 2.2913E+02    7.0525E-05    1.1299E-03    3.0743E-07    5.2311E-04    2.7753E-04    2.5412E-01
8.1489E+00  3.1664E-01 2.3364E+02    1.1874E-04    1.1299E-03    3.0743E-07    5.6223E-04    4.3281E-04    2.7434E-01
7.6458E+00  3.3983E-01 2.3803E+02    1.9338E-04    1.1298E-03    3.0743E-07    6.0342E-04    6.5411E-04    2.9564E-01
7.1438E+00  3.6421E-01 2.4226E+02    3.0433E-04    1.1297E-03    3.0743E-07    6.4670E-04    9.5698E-04    3.1802E-01
6.6437E+00  3.8979E-01 2.4630E+02    4.6263E-04    1.1295E-03    3.0743E-07    6.9210E-04    1.3547E-03    3.4149E-01
6.1462E+00  4.1657E-01 2.5013E+02    6.7957E-04    1.1292E-03    3.0743E-07    7.3962E-04    1.8564E-03    3.6608E-01
5.6521E+00  4.4456E-01 2.5374E+02    9.6579E-04    1.1289E-03    3.0743E-07    7.8928E-04    2.4652E-03    3.9177E-01
5.1620E+00  4.7375E-01 2.5712E+02    1.3307E-03    1.1285E-03    3.0743E-07    8.4106E-04    3.1791E-03    4.1857E-01
4.6768E+00  5.0415E-01 2.6029E+02    1.7819E-03    1.1280E-03    3.0743E-07    8.9496E-04    3.9911E-03    4.4648E-01
4.1970E+00  5.3574E-01 2.6324E+02    2.3257E-03    1.1274E-03    3.0743E-07    9.5301E-04    4.8913E-03    4.7547E-01
3.7233E+00  5.6850E-01 2.6599E+02    2.9666E-03    1.1266E-03    3.0743E-07    1.0132E-03    5.8680E-03    5.0555E-01
3.2562E+00  6.0241E-01 2.6857E+02    3.7079E-03    1.1258E-03    3.0743E-07    1.0754E-03    6.9090E-03    5.3667E-01
2.7962E+00  6.3743E-01 2.7099E+02    4.5520E-03    1.1249E-03    3.0743E-07    1.1396E-03    8.0023E-03    5.6883E-01
2.3437E+00  6.7354E-01 2.7327E+02    5.5198E-03    1.1238E-03    3.0743E-07    1.2058E-03    9.1696E-03    6.0197E-01
1.8990E+00  7.1068E-01 2.7567E+02    6.6476E-03    1.1225E-03    3.0743E-07    1.2738E-03    1.0451E-02    6.3607E-01
1.4623E+00  7.4880E-01 2.7793E+02    7.7171E-03    1.1213E-03    3.0743E-07    1.3435E-03    1.1500E-02    6.7107E-01
1.0339E+00  7.8786E-01 2.8010E+02    9.0743E-03    1.1197E-03    3.0743E-07    1.4148E-03    1.2836E-02    7.0692E-01
6.1421E-01  8.2777E-01 2.8216E+02    1.0398E-02    1.1183E-03    3.0743E-07    1.4876E-03    1.3984E-02    7.4356E-01
2.0345E-01  8.6848E-01 2.8413E+02    1.1887E-02    1.1166E-03    3.0743E-07    1.5617E-03    1.5221E-02    7.8092E-01
0.0000E+00  8.8926E-01 2.8509E+02    1.2715E-02    1.1156E-03    3.0743E-07    1.5995E-03    1.5894E-02    8.0000E-01
