9.29E-01
9.29E-01
9.29E-01
9.29E-01
9.29E-01
9.29E-01
9.28E-01
9.28E-01
9.28E-01
9.28E-01
9.28E-01
9.28E-01
9.27E-01
9.27E-01
9.27E-01
9.27E-01
9.26E-01
9.26E-01
9.26E-01
9.26E-01
9.25E-01
9.25E-01
9.25E-01
9.24E-01
9.23E-01
9.22E-01
9.21E-01
9.20E-01
9.19E-01
9.17E-01
9.15E-01
9.13E-01
9.11E-01
9.08E-01
9.06E-01
9.03E-01
9.00E-01
8.96E-01
8.92E-01
8.88E-01
8.84E-01
8.79E-01
8.74E-01
8.69E-01
8.63E-01
8.57E-01
8.51E-01
8.45E-01
8.38E-01
8.34E-01    